PMX Bone Weight
-0.2723827,10.99347,-0.6802207,0.8936459,-0.0166887,-0.4484621,右足D,下半身,,,0.8202487,0.1797513,0,0,False,0,0,0,0,0,0,0,0,0
-0.3686618,11.00954,-0.8588406,0.7799023,-0.02990398,-0.6251864,右足D,下半身,,,0.8046845,0.1953155,0,0,False,0,0,0,0,0,0,0,0,0
-0.37162,11.27439,-0.8668717,0.781343,-0.01019534,-0.6240184,右足D,下半身,,,0.6854047,0.3145953,0,0,False,0,0,0,0,0,0,0,0,0
-0.4759699,11.02479,-0.9528309,0.66132,-0.02256423,-0.7497643,右足D,下半身,,,0.8035859,0.1964141,0,0,False,0,0,0,0,0,0,0,0,0
-1.218974,8.139237,0.3191374,-0.5553508,-0.09945992,0.8256471,右足D,右足D,,,0.968719,0.03128099,0,0,False,0,0,0,0,0,0,0,0,0
-1.300628,8.652293,0.3648612,-0.5023267,-0.1555628,0.8505691,右足D,右足D,,,0.8883039,0.1116961,0,0,False,0,0,0,0,0,0,0,0,0
-1.476454,8.292078,0.1463623,-0.7736312,-0.1807955,0.6072955,右足D,右足D,,,0.9590296,0.04097039,0,0,False,0,0,0,0,0,0,0,0,0
-1.447835,8.141544,0.1371755,-0.7878239,-0.1519332,0.5968665,右足D,右足D,,,0.9836729,0.01632708,0,0,False,0,0,0,0,0,0,0,0,0
-0.6246859,8.651412,-0.7920468,0.6368545,-0.13067,-0.75983,右足D,右足D,,,0.9099718,0.09002823,0,0,False,0,0,0,0,0,0,0,0,0
-0.4507059,8.971802,-0.6211017,0.895871,-0.06155356,-0.4400298,右足D,右足D,,,0.8290532,0.1709468,0,0,False,0,0,0,0,0,0,0,0,0
-0.452875,8.543917,-0.5487671,0.8582767,-0.1652991,-0.4858366,右足D,右足D,,,0.9189746,0.08102542,0,0,False,0,0,0,0,0,0,0,0,0
-0.609708,9.127292,-0.8784997,0.6266822,-0.1660378,-0.7613808,右足D,右足D,,,0.7398794,0.2601206,0,0,False,0,0,0,0,0,0,0,0,0
-0.3193081,9.126251,-0.04099701,0.9882495,-0.1256041,0.08709942,右足D,右足D,,,0.6759747,0.3240253,0,0,False,0,0,0,0,0,0,0,0,0
-0.353663,8.814735,-0.2904728,0.9697654,0.2439335,-0.007161355,右足D,右足D,,,0.7976959,0.2023041,0,0,False,0,0,0,0,0,0,0,0,0
-0.3147478,9.126374,-0.3300705,0.9673998,-0.1530778,-0.2017532,右足D,右足D,,,0.6820325,0.3179675,0,0,False,0,0,0,0,0,0,0,0,0
-1.265586,6.042954,0.7448189,-0.5311637,0.2711418,0.8027124,右ひざD,,,,1,0,0,0,False,0,0,0,0,0,0,0,0,0
-1.320701,5.606521,0.8361642,-0.659412,0.1653709,0.7333676,右ひざD,,,,1,0,0,0,False,0,0,0,0,0,0,0,0,0
-0.9917151,5.610396,0.9377355,-0.06922886,0.1527232,0.9858412,右ひざD,,,,1,0,0,0,False,0,0,0,0,0,0,0,0,0
-0.9864454,6.047136,0.8349628,0.1201582,0.2804948,0.9523048,右ひざD,,,,1,0,0,0,False,0,0,0,0,0,0,0,0,0
-1.497111,5.603101,0.5473508,-0.9314272,0.09557981,0.3511518,右ひざD,,,,1,0,0,0,False,0,0,0,0,0,0,0,0,0
-1.498183,5.185851,0.6107766,-0.9409658,-0.03407511,0.3367817,右ひざD,,,,1,0,0,0,False,0,0,0,0,0,0,0,0,0
-1.333067,5.189363,0.8659591,-0.6512464,0.01894821,0.7586297,右ひざD,,,,1,0,0,0,False,0,0,0,0,0,0,0,0,0
-1.439166,6.019055,0.4865283,-0.894681,0.2098892,0.3943248,右ひざD,,,,1,0,0,0,False,0,0,0,0,0,0,0,0,0
-0.5124601,6.020635,0.4247069,0.8861442,0.1279961,0.4453822,右ひざD,,,,1,0,0,0,False,0,0,0,0,0,0,0,0,0
-0.7413067,6.03604,0.6835013,0.5988633,0.2086157,0.7732025,右ひざD,,,,1,0,0,0,False,0,0,0,0,0,0,0,0,0
-0.7186573,5.605418,0.7645148,0.6362286,0.1475553,0.7572586,右ひざD,,,,1,0,0,0,False,0,0,0,0,0,0,0,0,0
-0.7386777,5.963548,-0.3093176,0.58683,-0.1468369,-0.7962846,右ひざD,,,,1,0,0,0,False,0,0,0,0,0,0,0,0,0
-0.7362633,5.612217,-0.234407,0.6224986,-0.1193484,-0.7734671,右ひざD,,,,1,0,0,0,False,0,0,0,0,0,0,0,0,0
-0.9809527,5.613044,-0.3234077,0.01421643,-0.1579855,-0.9873389,右ひざD,,,,1,0,0,0,False,0,0,0,0,0,0,0,0,0
-0.9551094,5.95596,-0.38193,-0.07395256,-0.1818705,-0.9805375,右ひざD,,,,1,0,0,0,False,0,0,0,0,0,0,0,0,0
-1.498092,8.466378,0.1518169,-0.8153611,-0.1188509,0.5666223,右足D,右足D,,,0.9139239,0.08607608,0,0,False,0,0,0,0,0,0,0,0,0
-1.390557,9.126996,0.4187075,-0.5450753,-0.1646656,0.8220571,右足D,右足D,,,0.728191,0.271809,0,0,False,0,0,0,0,0,0,0,0,0
-1.577732,8.898595,0.1891997,-0.8322874,-0.1644921,0.5293769,右足D,右足D,,,0.8167697,0.1832303,0,0,False,0,0,0,0,0,0,0,0,0
-1.832332,10.05579,-0.3890209,-0.9825602,-0.1004627,-0.1564693,右足D,右足D,,,0.6934463,0.3065537,0,0,False,0,0,0,0,0,0,0,0,0
-1.747602,10.06516,-0.6512383,-0.879541,-0.09138747,-0.4669643,右足D,右足D,,,0.7797208,0.2202792,0,0,False,0,0,0,0,0,0,0,0,0
-1.706623,9.603993,-0.608757,-0.9028603,-0.1431281,-0.4054103,右足D,右足D,,,0.5074998,0.4925002,0,0,False,0,0,0,0,0,0,0,0,0
-1.202222,5.6108,-0.2314392,-0.6042455,-0.09137358,-0.7915417,右ひざD,,,,1,0,0,0,False,0,0,0,0,0,0,0,0,0
-1.159931,5.962023,-0.299152,-0.6511478,-0.06589428,-0.7560849,右ひざD,,,,1,0,0,0,False,0,0,0,0,0,0,0,0,0
-0.9965943,5.194317,0.9831451,0.08551069,0.07274847,0.9936777,右ひざD,,,,1,0,0,0,False,0,0,0,0,0,0,0,0,0
-0.2967293,8.622448,0.02062342,0.9544179,-0.15158,0.2571182,右足D,右足D,,,0.8983597,0.1016403,0,0,False,0,0,0,0,0,0,0,0,0
-0.3048317,8.692661,-0.2925128,0.9709601,-0.1198797,-0.2070386,右足D,右足D,,,0.8883955,0.1116045,0,0,False,0,0,0,0,0,0,0,0,0
-0.2950143,8.70366,0.01271685,0.8931658,0.4255949,0.1453396,右足D,右足D,,,0.865217,0.134783,0,0,False,0,0,0,0,0,0,0,0,0
-1.700699,8.55645,-0.2632819,-0.97228,-0.224418,-0.06563491,右足D,右足D,,,0.9064622,0.09353781,0,0,False,0,0,0,0,0,0,0,0,0
-1.703926,8.61536,-0.2783393,-0.9000644,0.4036087,-0.1642677,右足D,右足D,,,0.8605478,0.1394522,0,0,False,0,0,0,0,0,0,0,0,0
-1.608953,8.736856,-0.5440671,-0.9096887,0.3859518,-0.1533216,右足D,右足D,,,0.8533455,0.1466545,0,0,False,0,0,0,0,0,0,0,0,0
-1.600207,8.683855,-0.5434564,-0.7821665,-0.2967608,-0.5478581,右足D,右足D,,,0.898146,0.101854,0,0,False,0,0,0,0,0,0,0,0,0
-0.3970888,9.126415,0.2432613,0.8662359,-0.08530819,0.4922983,右足D,右足D,,,0.6820783,0.3179217,0,0,False,0,0,0,0,0,0,0,0,0
-0.5792271,9.120538,0.4393177,0.5538065,-0.09829787,0.8268226,右足D,右足D,,,0.7054246,0.2945754,0,0,False,0,0,0,0,0,0,0,0,0
-0.5960258,9.018698,0.4311903,0.5447216,-0.06393875,0.8361759,右足D,右足D,,,0.8181124,0.1818876,0,0,False,0,0,0,0,0,0,0,0,0
-0.4267974,8.841248,0.2554344,0.9234385,0.2142255,0.3183843,右足D,右足D,,,0.788571,0.211429,0,0,False,0,0,0,0,0,0,0,0,0
-0.4056303,8.748283,0.2825704,0.7981459,-0.05213042,0.6002043,右足D,右足D,,,0.8801861,0.1198139,0,0,False,0,0,0,0,0,0,0,0,0
-0.2741767,10.05205,0.1741836,0.9069492,-0.07576304,0.4143704,右足D,右足D,,,0.7052415,0.2947585,0,0,False,0,0,0,0,0,0,0,0,0
-0.4744821,10.05107,0.4432373,0.6829755,-0.02600989,0.729978,右足D,右足D,,,0.7693751,0.2306249,0,0,False,0,0,0,0,0,0,0,0,0
-0.5290568,9.598903,0.4526233,0.5664912,-0.08168915,0.8200088,右足D,右足D,,,0.5380636,0.4619364,0,0,False,0,0,0,0,0,0,0,0,0
-0.3302253,9.602943,0.2056172,0.8859619,-0.08724554,0.4554772,右足D,右足D,,,0.5411918,0.4588082,0,0,False,0,0,0,0,0,0,0,0,0
-1.478284,10.47738,0.4780208,-0.5051335,0.0104852,0.8629774,右足D,右足D,,,0.9543755,0.04562449,0,0,False,0,0,0,0,0,0,0,0,0
-1.733113,10.50983,0.2520272,-0.8179507,0.02802621,0.5746052,右足D,右足D,,,0.939498,0.06050199,0,0,False,0,0,0,0,0,0,0,0,0
-1.472577,10.27004,0.4713528,-0.4742916,-0.03724649,0.8795795,右足D,右足D,,,0.9004807,0.09951931,0,0,False,0,0,0,0,0,0,0,0,0
-0.6198789,10.44213,-1.077209,0.4416756,-0.07169343,-0.8943056,右足D,右足D,下半身,下半身,0.8347753,0.08433662,0.08088808,0,False,0,0,0,0,0,0,0,0,0
-0.4642482,10.44192,-0.9683303,0.6996325,-0.05327754,-0.7125137,右足D,右足D,下半身,下半身,0.8382544,0.09156939,0.07017624,0,False,0,0,0,0,0,0,0,0,0
-0.6168319,10.30426,-1.058531,0.4142938,-0.1062883,-0.9039155,右足D,右足D,下半身,下半身,0.7875029,0.1494316,0.06306554,0,False,0,0,0,0,0,0,0,0,0
-0.1468702,10.43329,-0.0674085,0.9766685,-0.1182637,-0.1792547,右足D,右足D,下半身,下半身,0.8890212,0.08018616,0.03079271,0,False,0,0,0,0,0,0,0,0,0
-0.2533138,10.62154,0.1298301,0.892494,-0.08922683,0.4421802,右足D,下半身,右足D,下半身,0.8978256,0.06077668,0.04141299,0,False,0,0,0,0,0,0,0,0,0
-0.2502183,10.28595,0.1665666,0.9065819,-0.143778,0.3967832,右足D,右足D,,,0.8499428,0.1500572,0,0,False,0,0,0,0,0,0,0,0,0
-1.884318,10.24728,-0.3916666,-0.9924374,-0.08920381,0.08432318,右足D,右足D,,,0.8639811,0.1360189,0,0,False,0,0,0,0,0,0,0,0,0
-1.894348,10.54709,-0.4001192,-0.9858026,-0.1289919,0.10749,右足D,右足D,下半身,下半身,0.9300984,0.04415961,0.02574197,0,False,0,0,0,0,0,0,0,0,0
-1.770307,10.52497,-0.6931311,-0.8723297,0.03599694,-0.4875909,右足D,右足D,下半身,下半身,0.9143358,0.05888456,0.02677958,0,False,0,0,0,0,0,0,0,0,0
-0.2502183,10.28595,0.1665666,0.9065819,-0.143778,0.3967832,右足D,右足D,,,0.8499428,0.1500572,0,0,False,0,0,0,0,0,0,0,0,0
-0.2533138,10.62154,0.1298301,0.892494,-0.08922683,0.4421802,右足D,下半身,右足D,下半身,0.8978256,0.06077668,0.04141299,0,False,0,0,0,0,0,0,0,0,0
-0.4455104,10.42552,0.4255209,0.6970909,0.06542566,0.7139699,右足D,右足D,下半身,下半身,0.9229877,0.054963,0.02203403,0,False,0,0,0,0,0,0,0,0,0
-0.1826608,10.82187,-0.4808117,0.9511074,0.001554269,-0.3088559,右足D,下半身,,,0.9047075,0.09529251,0,0,False,0,0,0,0,0,0,0,0,0
-0.182507,10.75361,-0.4766814,0.8440758,0.3388021,-0.4156308,右足D,下半身,右足D,下半身,0.9013504,0.08232243,0.01632715,0,False,0,0,0,0,0,0,0,0,0
-0.3557648,10.55612,-0.8210145,0.8636455,-0.0109032,-0.5039816,右足D,下半身,右足D,下半身,0.8758068,0.08429084,0.03990234,0,False,0,0,0,0,0,0,0,0,0
-0.3656277,10.83481,-0.8412254,0.7954113,-0.02115314,-0.6057007,右足D,下半身,,,0.8545968,0.1454032,0,0,False,0,0,0,0,0,0,0,0,0
-0.2071687,10.05403,-0.4290716,0.9747909,-0.115834,-0.1906957,右足D,右足D,,,0.7120317,0.2879683,0,0,False,0,0,0,0,0,0,0,0,0
-0.2516624,9.602513,-0.3900784,0.9768166,-0.1364234,-0.164978,右足D,右足D,,,0.5205463,0.4794537,0,0,False,0,0,0,0,0,0,0,0,0
-0.3850131,9.602543,-0.7170424,0.8221248,-0.1315608,-0.5538976,右足D,右足D,,,0.5090867,0.4909133,0,0,False,0,0,0,0,0,0,0,0,0
-0.3604248,10.05404,-0.7695495,0.8153929,-0.09910923,-0.5703611,右足D,右足D,,,0.7725643,0.2274357,0,0,False,0,0,0,0,0,0,0,0,0
-1.126998,10.90376,0.5666054,-0.1572143,0.06609497,0.9853502,右足D,下半身,,,0.9472038,0.05279619,0,0,False,0,0,0,0,0,0,0,0,0
-1.14235,10.45906,0.5950776,-0.2603447,0.02438784,0.9652076,右足D,右足D,,,0.9194476,0.0805524,0,0,False,0,0,0,0,0,0,0,0,0
-0.797811,10.44151,0.6157361,0.1061035,0.04536948,0.9933195,右足D,右足D,,,0.9327535,0.0672465,0,0,False,0,0,0,0,0,0,0,0,0
-0.8014413,10.87168,0.5823613,0.3259711,0.073898,0.9424869,右足D,下半身,,,0.9221027,0.07789731,0,0,False,0,0,0,0,0,0,0,0,0
-1.120701,9.127797,0.5290649,-0.2095503,-0.1354499,0.9683707,右足D,右足D,,,0.7191272,0.2808728,0,0,False,0,0,0,0,0,0,0,0,0
-1.076371,8.653673,0.4543888,-0.2541365,-0.1299899,0.958393,右足D,右足D,,,0.8653544,0.1346456,0,0,False,0,0,0,0,0,0,0,0,0
-0.8596176,8.65288,0.4783384,0.06248374,-0.1031576,0.9927004,右足D,右足D,,,0.8827649,0.1172351,0,0,False,0,0,0,0,0,0,0,0,0
-1.574345,10.95403,-0.9783437,-0.7172137,0.009290981,-0.6967912,右足D,下半身,,,0.934844,0.06515598,0,0,False,0,0,0,0,0,0,0,0,0
-1.580591,10.4884,-0.9592485,-0.5911679,-0.02468199,-0.8061896,右足D,右足D,下半身,下半身,0.8849775,0.08902113,0.02601663,0,False,0,0,0,0,0,0,0,0,0
-1.770614,10.97258,-0.7060723,-0.8937338,-0.01083719,-0.4484666,右足D,下半身,,,0.9387808,0.06121922,0,0,False,0,0,0,0,0,0,0,0,0
-1.571794,10.05616,-0.9101351,-0.6431801,-0.1406035,-0.7526951,右足D,右足D,,,0.7362173,0.2637827,0,0,False,0,0,0,0,0,0,0,0,0
-1.546831,9.603957,-0.8355134,-0.6024394,-0.1712422,-0.7795786,右足D,右足D,,,0.5069352,0.4930648,0,0,False,0,0,0,0,0,0,0,0,0
-1.403346,8.524848,-0.686605,-0.7007747,-0.1648646,-0.6940708,右足D,右足D,,,0.932662,0.06733799,0,0,False,0,0,0,0,0,0,0,0,0
-1.470772,8.962622,-0.7485599,-0.6211525,-0.1975584,-0.75838,右足D,右足D,,,0.8328832,0.1671168,0,0,False,0,0,0,0,0,0,0,0,0
-1.867211,10.97934,-0.1313687,-0.9755657,0.007392242,0.2195829,右足D,下半身,,,0.9421073,0.05789268,0,0,False,0,0,0,0,0,0,0,0,0
-1.85986,10.69456,-0.1940717,-0.9987311,0.04963062,-0.01016072,右足D,下半身,右足D,下半身,0.9467307,0.0351873,0.0180972,0,False,0,0,0,0,0,0,0,0,0
-1.743699,10.96375,0.2284439,-0.7789129,0.03959709,0.6258806,右足D,下半身,,,0.9529259,0.04707408,0,0,False,0,0,0,0,0,0,0,0,0
-1.45404,10.93207,0.4591338,-0.4805546,0.05806045,0.8750407,右足D,下半身,,,0.9746853,0.02531469,0,0,False,0,0,0,0,0,0,0,0,0
-1.043123,8.144132,0.4116061,-0.3366596,-0.07550779,0.938594,右足D,右足D,,,0.9615473,0.03845268,0,0,False,0,0,0,0,0,0,0,0,0
-0.6141113,10.43351,0.5314623,0.4707744,0.03153719,0.8816897,右足D,右足D,,,0.9214924,0.0785076,0,0,False,0,0,0,0,0,0,0,0,0
-0.809516,10.05261,0.6235943,0.2592502,-0.04542014,0.9647415,右足D,右足D,,,0.7305562,0.2694438,0,0,False,0,0,0,0,0,0,0,0,0
-0.6776814,9.123209,0.4736495,0.3258756,-0.08764477,0.9413412,右足D,右足D,,,0.7607843,0.2392157,0,0,False,0,0,0,0,0,0,0,0,0
-1.344988,8.142044,-0.6202321,-0.7045585,-0.2196735,-0.6747894,右足D,右足D,,,0.9878996,0.0121004,0,0,False,0,0,0,0,0,0,0,0,0
-1.376979,8.362678,-0.6566753,-0.6467512,-0.2567761,-0.7181774,右足D,右足D,,,0.9647517,0.03524828,0,0,False,0,0,0,0,0,0,0,0,0
-1.153598,8.649825,-0.8604674,-0.3605775,-0.184162,-0.9143676,右足D,右足D,,,0.9119707,0.08802933,0,0,False,0,0,0,0,0,0,0,0,0
-1.110764,8.141088,-0.7743725,-0.3374747,-0.1856496,-0.922846,右足D,右足D,,,0.9787137,0.02128631,0,0,False,0,0,0,0,0,0,0,0,0
-0.6489713,10.86328,-1.106755,0.5046683,-0.003331145,-0.8633068,右足D,下半身,,,0.8393988,0.1606012,0,0,False,0,0,0,0,0,0,0,0,0
-0.9452006,10.45798,-1.181674,0.1695901,-0.08537831,-0.9818093,右足D,右足D,下半身,下半身,0.8086213,0.1232624,0.06811628,0,False,0,0,0,0,0,0,0,0,0
-0.9657043,10.89351,-1.198651,0.06128268,-0.01745939,-0.9979676,右足D,下半身,,,0.8699169,0.1300831,0,0,False,0,0,0,0,0,0,0,0,0
-0.85288,8.64916,-0.9119228,0.1789116,-0.1589078,-0.9709474,右足D,右足D,,,0.8932174,0.1067826,0,0,False,0,0,0,0,0,0,0,0,0
-0.8849068,9.126468,-0.9820402,0.1216923,-0.1508633,-0.9810356,右足D,右足D,,,0.7360799,0.2639201,0,0,False,0,0,0,0,0,0,0,0,0
-0.6151257,8.142317,-0.7025565,0.6840641,-0.07381712,-0.7256771,右足D,右足D,,,0.9832609,0.01673907,0,0,False,0,0,0,0,0,0,0,0,0
-0.828602,8.140392,-0.8350937,0.1512825,-0.1553631,-0.9762048,右足D,右足D,,,0.9787595,0.02124047,0,0,False,0,0,0,0,0,0,0,0,0
-1.372466,7.679287,-0.3611461,-0.8848549,-0.1979377,-0.4217254,右足D,右ひざD,,,0.9545129,0.04548711,0,0,False,0,0,0,0,0,0,0,0,0
-1.456835,7.678667,-0.1438374,-0.9876464,-0.1549386,-0.02341469,右足D,右ひざD,,,0.9463645,0.05363548,0,0,False,0,0,0,0,0,0,0,0,0
-1.519669,8.08322,-0.1996171,-0.9257378,-0.3401897,-0.1651675,右足D,右足D,,,0.9931945,0.00680548,0,0,False,0,0,0,0,0,0,0,0,0
-1.464599,8.156363,-0.4127593,-0.8363057,-0.3149318,-0.4487879,右足D,右足D,,,0.9895933,0.01040667,0,0,False,0,0,0,0,0,0,0,0,0
-0.4584959,7.678555,-0.4435073,0.921611,-0.004431677,-0.3880893,右足D,右ひざD,,,0.961532,0.038468,0,0,False,0,0,0,0,0,0,0,0,0
-0.5792539,7.67445,-0.65064,0.6772204,-0.04232194,-0.7345619,右足D,右ひざD,,,0.9639582,0.0360418,0,0,False,0,0,0,0,0,0,0,0,0
-0.4610768,8.143538,-0.4814238,0.9096106,-0.04452509,-0.4130688,右足D,右足D,,,0.9900206,0.009979427,0,0,False,0,0,0,0,0,0,0,0,0
-0.4037514,7.678535,0.08756164,0.9364055,0.007181126,0.3508461,右足D,右ひざD,,,0.9326772,0.06732279,0,0,False,0,0,0,0,0,0,0,0,0
-0.3928761,7.68016,-0.1796568,0.9913036,0.004811449,-0.1315056,右足D,右ひざD,,,0.9530938,0.04690617,0,0,False,0,0,0,0,0,0,0,0,0
-0.3916745,8.14408,-0.2124494,0.9942269,-0.008001879,-0.1069983,右足D,右足D,,,0.9975738,0.002426207,0,0,False,0,0,0,0,0,0,0,0,0
-0.4007241,8.128478,0.05012719,0.9554564,-0.1493201,0.254571,右足D,右足D,,,0.9886626,0.0113374,0,0,False,0,0,0,0,0,0,0,0,0
-1.371443,7.674833,0.145726,-0.8371049,-0.06860251,0.5427237,右足D,右ひざD,,,0.940734,0.05926597,0,0,False,0,0,0,0,0,0,0,0,0
-1.151242,7.678282,0.3431091,-0.5500748,0.03234541,0.8344887,右足D,右ひざD,,,0.9269551,0.0730449,0,0,False,0,0,0,0,0,0,0,0,0
-0.9370815,7.685747,0.4420995,-0.1635302,0.01762153,0.9863808,右足D,右ひざD,,,0.9374075,0.06259251,0,0,False,0,0,0,0,0,0,0,0,0
-0.7263916,7.684637,0.4040566,0.3582633,-0.002180892,0.9336178,右足D,右ひざD,,,0.9254139,0.07458609,0,0,False,0,0,0,0,0,0,0,0,0
-0.6692874,8.142963,0.4025006,0.4700019,-0.04161716,0.8816836,右足D,右足D,,,0.9774929,0.02250707,0,0,False,0,0,0,0,0,0,0,0,0
-0.8610688,8.144063,0.4466419,0.03559424,-0.04850165,0.9981886,右足D,右足D,,,0.9663691,0.03363091,0,0,False,0,0,0,0,0,0,0,0,0
-0.5475153,7.681094,0.2804091,0.6769448,-0.04177411,0.7348473,右足D,右ひざD,,,0.9259175,0.07408249,0,0,False,0,0,0,0,0,0,0,0,0
-0.5153297,8.146233,0.2675717,0.7882009,-0.01742914,0.615171,右足D,右足D,,,0.9938354,0.00616461,0,0,False,0,0,0,0,0,0,0,0,0
-0.5153297,8.146233,0.2675717,0.7882009,-0.01742914,0.615171,右足D,右足D,,,0.9938354,0.00616461,0,0,False,0,0,0,0,0,0,0,0,0
-0.5475153,7.681094,0.2804091,0.6769448,-0.04177411,0.7348473,右足D,右ひざD,,,0.9259175,0.07408249,0,0,False,0,0,0,0,0,0,0,0,0
-1.261636,7.678245,-0.5423537,-0.7160139,-0.207794,-0.6664426,右足D,右ひざD,,,0.961532,0.038468,0,0,False,0,0,0,0,0,0,0,0,0
-0.8057376,7.669862,-0.7599497,0.1131925,-0.1034851,-0.9881691,右足D,右ひざD,,,0.9645075,0.03549248,0,0,False,0,0,0,0,0,0,0,0,0
-0.7386338,7.33738,0.4112977,0.5135863,0.02227692,0.8577487,右足D,右ひざD,,,0.7476005,0.2523995,0,0,False,0,0,0,0,0,0,0,0,0
-0.7385057,7.039729,0.4334989,0.4486941,0.119687,0.8856345,右足D,右ひざD,,,0.5021287,0.4978713,0,0,False,0,0,0,0,0,0,0,0,0
-0.5717982,6.996787,0.2930783,0.6648721,0.04962187,0.7453071,右足D,右ひざD,,,0.5043259,0.4956741,0,0,False,0,0,0,0,0,0,0,0,0
-0.5708104,7.30125,0.2731599,0.66681,0.02004149,0.7449581,右足D,右ひざD,,,0.7523919,0.2476081,0,0,False,0,0,0,0,0,0,0,0,0
-1.32992,7.319824,0.1932057,-0.8904504,-0.01052864,0.4549584,右足D,右ひざD,,,0.7539178,0.2460822,0,0,False,0,0,0,0,0,0,0,0,0
-1.417525,7.30919,-0.09846336,-0.9763464,-0.1403245,-0.1644888,右足D,右ひざD,,,0.7653773,0.2346227,0,0,False,0,0,0,0,0,0,0,0,0
-1.386556,6.966232,-0.0382106,-0.9966487,-0.05677679,-0.05888558,右足D,右ひざD,,,0.5037156,0.4962844,0,0,False,0,0,0,0,0,0,0,0,0
-1.307593,7.014298,0.24937,-0.8620809,0.08847032,0.4989884,右足D,右ひざD,,,0.5043259,0.4956741,0,0,False,0,0,0,0,0,0,0,0,0
-0.3784846,7.311828,-0.1448637,0.9944785,-0.006351669,-0.1047473,右足D,右ひざD,,,0.841413,0.158587,0,0,False,0,0,0,0,0,0,0,0,0
-0.4164458,7.262421,0.1491095,0.9118887,0.007160706,0.4103748,右足D,右ひざD,,,0.7642024,0.2357976,0,0,False,0,0,0,0,0,0,0,0,0
-0.3836599,7.128275,-0.1649778,0.9961651,-0.07392366,-0.04679828,右足D,右ひざD,,,0.7114824,0.2885176,0,0,False,0,0,0,0,0,0,0,0,0
-1.147431,7.042433,0.4435815,-0.5320857,0.1951025,0.8239051,右足D,右ひざD,,,0.5021287,0.4978713,0,0,False,0,0,0,0,0,0,0,0,0
-1.144896,7.333074,0.3896137,-0.586054,0.09326537,0.8048863,右足D,右ひざD,,,0.7476005,0.2523995,0,0,False,0,0,0,0,0,0,0,0,0
-1.314707,7.311463,-0.316446,-0.8616197,-0.1899641,-0.4706645,右足D,右ひざD,,,0.841413,0.158587,0,0,False,0,0,0,0,0,0,0,0,0
-1.280063,7.130342,-0.3069786,-0.8624241,-0.1916932,-0.4684849,右足D,右ひざD,,,0.7114824,0.2885176,0,0,False,0,0,0,0,0,0,0,0,0
-0.5697502,7.288189,-0.6140028,0.6803876,-0.0786289,-0.728622,右足D,右ひざD,,,0.8675517,0.1324483,0,0,False,0,0,0,0,0,0,0,0,0
-0.4421412,7.299155,-0.4053939,0.912594,-0.03863233,-0.4070373,右足D,右ひざD,,,0.8612955,0.1387045,0,0,False,0,0,0,0,0,0,0,0,0
-0.4520428,7.102985,-0.3857029,0.9097725,-0.1293553,-0.3944373,右足D,右ひざD,,,0.7000839,0.2999161,0,0,False,0,0,0,0,0,0,0,0,0
-0.580803,7.078833,-0.5923501,0.6936188,-0.1665697,-0.700819,右足D,右ひざD,,,0.7017014,0.2982986,0,0,False,0,0,0,0,0,0,0,0,0
-0.493959,6.82989,-0.3401747,0.8690616,-0.3163475,-0.3803366,右ひざD,右足D,,,0.5314565,0.4685435,0,0,False,0,0,0,0,0,0,0,0,0
-0.6080159,6.810326,-0.5329315,0.6912274,-0.2808541,-0.6658269,右ひざD,右足D,,,0.523537,0.476463,0,0,False,0,0,0,0,0,0,0,0,0
-1.011368,7.289108,-0.6726153,-0.4551606,-0.1036664,-0.8843539,右足D,右ひざD,,,0.8675517,0.1324483,0,0,False,0,0,0,0,0,0,0,0,0
-1.049661,7.674123,-0.696078,-0.4311875,-0.1573415,-0.8884373,右足D,右ひざD,,,0.9639582,0.0360418,0,0,False,0,0,0,0,0,0,0,0,0
-0.8023468,7.280706,-0.7274234,0.1706336,-0.06676077,-0.9830701,右足D,右ひざD,,,0.8691233,0.1308767,0,0,False,0,0,0,0,0,0,0,0,0
-1.248579,6.899833,-0.2689639,-0.8623356,-0.1859203,-0.4709681,右ひざD,右足D,,,0.5163805,0.4836195,0,0,False,0,0,0,0,0,0,0,0,0
-1.230408,6.667678,-0.2072313,-0.8710521,-0.07198121,-0.4858876,右ひざD,右足D,,,0.7597467,0.2402533,0,0,False,0,0,0,0,0,0,0,0,0
-1.392203,6.707354,0.04687532,-0.9885144,0.03316194,-0.1474428,右ひざD,右足D,,,0.7465934,0.2534066,0,0,False,0,0,0,0,0,0,0,0,0
-1.023549,6.616213,-0.4941958,-0.6108885,-0.2123422,-0.7627095,右ひざD,右足D,,,0.7611048,0.2388952,0,0,False,0,0,0,0,0,0,0,0,0
-1.149164,6.639962,-0.3555572,-0.8106022,-0.0633833,-0.5821567,右ひざD,右足D,,,0.7935454,0.2064546,0,0,False,0,0,0,0,0,0,0,0,0
-1.144418,6.860527,-0.4372389,-0.7936819,-0.1901749,-0.5778429,右ひざD,右足D,,,0.5314565,0.4685435,0,0,False,0,0,0,0,0,0,0,0,0
-0.9942308,6.823605,-0.6008508,-0.5217682,-0.2333295,-0.8205579,右ひざD,右足D,,,0.523537,0.476463,0,0,False,0,0,0,0,0,0,0,0,0
-1.314417,6.73945,0.3179782,-0.8859121,0.2011205,0.4179834,右ひざD,右足D,,,0.7436026,0.2563974,0,0,False,0,0,0,0,0,0,0,0,0
-1.17163,6.75356,0.515205,-0.5146081,0.2954077,0.8049302,右ひざD,右足D,,,0.7439231,0.2560769,0,0,False,0,0,0,0,0,0,0,0,0
-0.6683974,6.595663,-0.4613221,0.6333656,-0.4309289,-0.642766,右ひざD,右足D,,,0.7611048,0.2388952,0,0,False,0,0,0,0,0,0,0,0,0
-0.5906497,6.589354,-0.3036242,0.85535,-0.3187986,-0.4083425,右ひざD,右足D,,,0.7981689,0.2018311,0,0,False,0,0,0,0,0,0,0,0,0
-0.4160196,6.875286,-0.1263483,0.9675534,-0.2195835,-0.1249927,右ひざD,右足D,,,0.5163805,0.4836195,0,0,False,0,0,0,0,0,0,0,0,0
-0.4705678,6.608533,-0.02584181,0.9776815,-0.1550448,-0.1417737,右ひざD,右足D,,,0.762417,0.237583,0,0,False,0,0,0,0,0,0,0,0,0
-0.7431148,6.72958,0.4842814,0.5698375,0.1819355,0.8013642,右ひざD,右足D,,,0.7439231,0.2560769,0,0,False,0,0,0,0,0,0,0,0,0
-0.5901954,6.687907,0.327707,0.7196343,0.1496829,0.6780275,右ひざD,右足D,,,0.7372854,0.2627146,0,0,False,0,0,0,0,0,0,0,0,0
-0.4922087,6.660024,0.231784,0.9168019,-0.01516449,0.399054,右ひざD,右足D,,,0.7402151,0.2597849,0,0,False,0,0,0,0,0,0,0,0,0
-0.4359959,6.963349,0.1819517,0.8779204,-0.04065819,0.477077,右足D,右ひざD,,,0.5037156,0.4962844,0,0,False,0,0,0,0,0,0,0,0,0
-0.4767373,6.357605,0.039343,0.9825321,-0.06043934,-0.1760038,右ひざD,右足D,,,0.9234302,0.0765698,0,0,False,0,0,0,0,0,0,0,0,0
-0.6311321,6.313332,-0.2189335,0.8203931,-0.1773488,-0.5436015,右ひざD,右足D,,,0.9452201,0.05477989,0,0,False,0,0,0,0,0,0,0,0,0
-0.7138315,6.469655,-0.4162381,0.6795833,-0.3538788,-0.6426011,右ひざD,右足D,,,0.907454,0.09254599,0,0,False,0,0,0,0,0,0,0,0,0
-0.5228958,6.418972,0.3476358,0.8672424,0.127769,0.4812126,右ひざD,右足D,,,0.8903029,0.1096971,0,0,False,0,0,0,0,0,0,0,0,0
-0.7368966,6.455166,0.5685314,0.6379508,0.2155891,0.7392835,右ひざD,右足D,,,0.9163043,0.08369571,0,0,False,0,0,0,0,0,0,0,0,0
-0.5228958,6.418972,0.3476358,0.8672424,0.127769,0.4812126,右ひざD,右足D,,,0.8903029,0.1096971,0,0,False,0,0,0,0,0,0,0,0,0
-1.303932,6.368973,-0.1414624,-0.835775,0.02437581,-0.5485305,右ひざD,右足D,,,0.9161822,0.08381778,0,0,False,0,0,0,0,0,0,0,0,0
-1.075091,6.497635,-0.4370685,-0.6323858,-0.1268497,-0.7641971,右ひざD,右足D,,,0.9028306,0.0971694,0,0,False,0,0,0,0,0,0,0,0,0
-1.107886,6.316438,-0.381842,-0.5548441,-0.1402945,-0.8200398,右ひざD,右足D,,,0.9747616,0.02523839,0,0,False,0,0,0,0,0,0,0,0,0
-0.9788493,6.49072,0.6777695,0.1365288,0.3200235,0.9375204,右ひざD,右足D,,,0.9227283,0.0772717,0,0,False,0,0,0,0,0,0,0,0,0
-0.9584396,6.759795,0.5771405,0.05441661,0.2639786,0.9629921,右ひざD,右足D,,,0.7442283,0.2557717,0,0,False,0,0,0,0,0,0,0,0,0
-1.203768,6.477435,0.603599,-0.6045526,0.3100679,0.7337396,右ひざD,右足D,,,0.9226368,0.07736319,0,0,False,0,0,0,0,0,0,0,0,0
-1.433899,6.407919,0.1369095,-0.9850323,0.1532984,-0.07880785,右ひざD,右足D,,,0.9208667,0.07913327,0,0,False,0,0,0,0,0,0,0,0,0
-1.364123,6.444187,0.4082756,-0.8779584,0.2509504,0.407692,右ひざD,右足D,,,0.9225605,0.07743949,0,0,False,0,0,0,0,0,0,0,0,0
-1.199249,7.304282,-0.509323,-0.7493849,-0.1726749,-0.6392226,右足D,右ひざD,,,0.8612955,0.1387045,0,0,False,0,0,0,0,0,0,0,0,0
-1.163852,7.096265,-0.4901083,-0.7750075,-0.178829,-0.6061217,右足D,右ひざD,,,0.7000839,0.2999161,0,0,False,0,0,0,0,0,0,0,0,0
-1.503346,6.000787,0.2002145,-0.9751074,0.1107077,-0.1921173,右ひざD,,,,1,0,0,0,False,0,0,0,0,0,0,0,0,0
-0.5124601,6.020635,0.4247069,0.8861442,0.1279961,0.4453822,右ひざD,,,,1,0,0,0,False,0,0,0,0,0,0,0,0,0
-0.4652273,5.990012,0.1056163,0.9804128,0.01037448,-0.1966797,右ひざD,,,,1,0,0,0,False,0,0,0,0,0,0,0,0,0
-1.365733,5.976141,-0.05383183,-0.8242452,0.01494703,-0.5660356,右ひざD,,,,1,0,0,0,False,0,0,0,0,0,0,0,0,0
-0.6102622,5.9761,-0.141574,0.8301226,-0.06824128,-0.553389,右ひざD,,,,1,0,0,0,False,0,0,0,0,0,0,0,0,0
-0.7385048,6.280728,-0.3624132,0.5625573,-0.2395846,-0.7912828,右ひざD,,,,1,0,0,0,False,0,0,0,0,0,0,0,0,0
-0.9314813,6.273765,-0.4585851,0.002094801,-0.2714001,-0.9624642,右ひざD,,,,1,0,0,0,False,0,0,0,0,0,0,0,0,0
-0.9961942,7.063459,-0.6537251,-0.5745963,-0.1591056,-0.8028226,右足D,右ひざD,,,0.7017014,0.2982986,0,0,False,0,0,0,0,0,0,0,0,0
-0.8036289,7.048612,-0.7168857,0.09595117,-0.1543021,-0.9833534,右足D,右ひざD,,,0.7030747,0.2969253,0,0,False,0,0,0,0,0,0,0,0,0
-0.8218737,6.803825,-0.664879,0.04974933,-0.3399465,-0.9391279,右ひざD,右足D,,,0.5199359,0.4800641,0,0,False,0,0,0,0,0,0,0,0,0
-0.8658746,6.599155,-0.5831909,-0.1194868,-0.3583982,-0.9258906,右ひざD,右足D,,,0.7567254,0.2432746,0,0,False,0,0,0,0,0,0,0,0,0
-0.9023302,6.46122,-0.5192243,0.0730617,-0.3562132,-0.9315438,右ひざD,右足D,,,0.9168536,0.08314639,0,0,False,0,0,0,0,0,0,0,0,0
-0.9338371,7.34945,0.464808,0.008979702,0.0956196,0.9953773,右足D,右ひざD,,,0.7478141,0.2521859,0,0,False,0,0,0,0,0,0,0,0,0
-0.9469296,7.060292,0.5040206,0.01671972,0.1849313,0.9826091,右足D,右ひざD,,,0.5012131,0.4987869,0,0,False,0,0,0,0,0,0,0,0,0
-0.5708104,7.30125,0.2731599,0.66681,0.02004149,0.7449581,右足D,右ひざD,,,0.7523919,0.2476081,0,0,False,0,0,0,0,0,0,0,0,0
-0.5717982,6.996787,0.2930783,0.6648721,0.04962187,0.7453071,右足D,右ひざD,,,0.5043259,0.4956741,0,0,False,0,0,0,0,0,0,0,0,0
-0.5901954,6.687907,0.327707,0.7196343,0.1496829,0.6780275,右ひざD,右足D,,,0.7372854,0.2627146,0,0,False,0,0,0,0,0,0,0,0,0
-1.883836,10.98305,-0.4522714,-0.9946334,-0.01642109,-0.1021496,右足D,下半身,,,0.9371023,0.06289768,0,0,False,0,0,0,0,0,0,0,0,0
-1.868291,10.6922,-0.3429162,-0.9996834,0.02194707,-0.01228741,右足D,下半身,右足D,下半身,0.951812,0.03700313,0.01118486,0,False,0,0,0,0,0,0,0,0,0
-1.775103,9.604094,-0.3538713,-0.9772838,-0.1387626,-0.1601907,右足D,右足D,,,0.5092241,0.4907759,0,0,False,0,0,0,0,0,0,0,0,0
-1.781761,9.604241,-0.06979644,-0.9737157,-0.105043,0.2020977,右足D,右足D,,,0.5237354,0.4762646,0,0,False,0,0,0,0,0,0,0,0,0
-1.822031,10.05585,-0.1034216,-0.9762982,-0.07287828,0.20379,右足D,右足D,,,0.6986038,0.3013962,0,0,False,0,0,0,0,0,0,0,0,0
-1.66071,8.630157,-0.02198859,-0.8988147,-0.1950478,0.3925406,右足D,右足D,,,0.890898,0.109102,0,0,False,0,0,0,0,0,0,0,0,0
-1.669542,8.68725,-0.03320463,-0.9285296,0.3704822,-0.02399072,右足D,右足D,,,0.8474556,0.1525444,0,0,False,0,0,0,0,0,0,0,0,0
-1.521668,8.147444,-0.0362729,-0.9148539,-0.2680951,0.3019389,右足D,右足D,,,0.9895628,0.01043719,0,0,False,0,0,0,0,0,0,0,0,0
-1.666467,9.604781,0.2328292,-0.8559583,-0.09360448,0.5085011,右足D,右足D,,,0.5063249,0.4936751,0,0,False,0,0,0,0,0,0,0,0,0
-1.707975,10.0563,0.2480053,-0.8129746,-0.05513888,0.5796825,右足D,右足D,,,0.7947661,0.2052339,0,0,False,0,0,0,0,0,0,0,0,0
-0.1865739,10.84492,-0.126202,0.9605432,0.1374877,0.241772,右足D,下半身,,,0.8956283,0.1043717,0,0,False,0,0,0,0,0,0,0,0,0
-0.2433887,10.81827,0.1066565,0.901112,0.01229497,0.4334119,右足D,下半身,,,0.9023728,0.09762722,0,0,False,0,0,0,0,0,0,0,0,0
-0.2444713,10.76509,0.1108397,0.7456855,0.3818744,0.5460083,右足D,下半身,,,0.9123675,0.08763248,0,0,False,0,0,0,0,0,0,0,0,0
-0.1721839,10.8424,-0.2246421,0.9910297,0.1335944,0.003532704,右足D,下半身,,,0.8982834,0.1017166,0,0,False,0,0,0,0,0,0,0,0,0
-0.2433887,10.81827,0.1066565,0.901112,0.01229497,0.4334119,右足D,下半身,,,0.9023728,0.09762722,0,0,False,0,0,0,0,0,0,0,0,0
-0.4321029,10.83542,0.3906448,0.7064208,0.03477732,0.7069371,右足D,下半身,,,0.8921034,0.1078966,0,0,False,0,0,0,0,0,0,0,0,0
-0.4402973,10.5849,0.4119605,0.6833991,0.05009669,0.7283238,右足D,下半身,右足D,下半身,0.915114,0.05542077,0.02946517,0,False,0,0,0,0,0,0,0,0,0
-0.2444713,10.76509,0.1108397,0.7456855,0.3818744,0.5460083,右足D,下半身,,,0.9123675,0.08763248,0,0,False,0,0,0,0,0,0,0,0,0
-1.150765,10.05417,0.6030214,-0.2084465,-0.008660364,0.9779953,右足D,右足D,,,0.8025787,0.1974213,0,0,False,0,0,0,0,0,0,0,0,0
-0.8039178,10.23861,0.6198358,0.1017192,0.01703691,0.9946671,右足D,右足D,,,0.8565957,0.1434043,0,0,False,0,0,0,0,0,0,0,0,0
-1.884485,10.27143,-0.1246776,-0.9991294,-0.03564744,-0.02167131,右足D,右足D,,,0.8624247,0.1375753,0,0,False,0,0,0,0,0,0,0,0,0
-1.874277,10.55823,-0.1348174,-0.9844939,-0.1751044,-0.01048824,右足D,右足D,下半身,下半身,0.918471,0.0583505,0.02317845,0,False,0,0,0,0,0,0,0,0,0
-1.373172,10.19246,0.5040055,-0.3655137,-0.00568059,0.9307886,右足D,右足D,,,0.8620279,0.1379721,0,0,False,0,0,0,0,0,0,0,0,0
-0.9254817,10.05545,-1.12999,0.07913829,-0.1456126,-0.9861712,右足D,右足D,下半身,下半身,0.7069657,0.2648051,0.02822919,0,False,0,0,0,0,0,0,0,0,0
-1.25792,10.47313,-1.130897,-0.2777983,-0.09106839,-0.956297,右足D,右足D,下半身,下半身,0.8489357,0.1085832,0.04246586,0,False,0,0,0,0,0,0,0,0,0
-0.7579077,10.15025,-1.086847,0.3069007,-0.1093513,-0.9454547,右足D,右足D,下半身,下半身,0.7676967,0.1916533,0.04066529,0,False,0,0,0,0,0,0,0,0,0
-1.848526,10.26256,-0.1926132,-0.9643846,-0.2552218,-0.06945504,右足D,右足D,,,0.8153353,0.1846647,0,0,False,0,0,0,0,0,0,0,0,0
-1.850009,10.26426,-0.3283424,-0.9903443,-0.1283517,0.05238195,右足D,右足D,,,0.8141146,0.1858854,0,0,False,0,0,0,0,0,0,0,0,0
-1.262371,10.92337,-1.150297,-0.3487191,-0.01083941,-0.9371644,右足D,下半身,,,0.906447,0.09355301,0,0,False,0,0,0,0,0,0,0,0,0
-1.687364,10.43369,-0.8255579,-0.8087668,-0.05444594,-0.5856037,右足D,右足D,下半身,下半身,0.8686656,0.1086748,0.02265965,0,False,0,0,0,0,0,0,0,0,0
-0.9035358,9.60282,-1.051193,0.02064236,-0.1565394,-0.9874559,右足D,右足D,,,0.5199512,0.4800488,0,0,False,0,0,0,0,0,0,0,0,0
-1.201725,9.126441,-0.9267482,-0.36443,-0.1703837,-0.9155107,右足D,右足D,,,0.7437857,0.2562143,0,0,False,0,0,0,0,0,0,0,0,0
-0.2723827,10.99347,-0.6802207,0.8936459,-0.0166887,-0.4484621,右足D,下半身,,,0.8202487,0.1797513,0,0,False,0,0,0,0,0,0,0,0,0
-0.3686618,11.00954,-0.8588406,0.7799023,-0.02990398,-0.6251864,右足D,下半身,,,0.8046845,0.1953155,0,0,False,0,0,0,0,0,0,0,0,0
-1.118541,11.18862,0.5494723,-0.1708311,0.06420659,0.983206,右足D,下半身,,,0.8831769,0.1168231,0,0,False,0,0,0,0,0,0,0,0,0
-1.435937,11.26475,0.4453617,-0.465826,0.06266254,0.8826547,右足D,下半身,,,0.9118486,0.0881514,0,0,False,0,0,0,0,0,0,0,0,0
-1.251692,11.21648,-1.151425,-0.3268704,0.008272377,-0.9450328,右足D,下半身,,,0.834287,0.165713,0,0,False,0,0,0,0,0,0,0,0,0
-0.9593066,11.15274,-1.198267,-0.009639904,0.0005565273,-0.9999533,右足D,下半身,,,0.8030671,0.1969329,0,0,False,0,0,0,0,0,0,0,0,0
-0.4759699,11.02479,-0.9528309,0.66132,-0.02256423,-0.7497643,右足D,下半身,,,0.8035859,0.1964141,0,0,False,0,0,0,0,0,0,0,0,0
-0.655664,11.077,-1.105855,0.4154474,0.0104326,-0.9095573,右足D,下半身,,,0.794934,0.205066,0,0,False,0,0,0,0,0,0,0,0,0
-0.1928465,10.97121,-0.4923874,0.9852439,0.05097181,-0.1633897,右足D,下半身,,,0.8396277,0.1603723,0,0,False,0,0,0,0,0,0,0,0,0
-1.862387,11.3292,-0.4575964,-0.9614765,0.05938217,-0.268396,右足D,下半身,,,0.8949416,0.1050584,0,0,False,0,0,0,0,0,0,0,0,0
-1.741489,11.30823,-0.7199357,-0.8436341,0.05209262,-0.5343853,右足D,下半身,,,0.8920729,0.1079271,0,0,False,0,0,0,0,0,0,0,0,0
-1.733354,11.31339,0.2105399,-0.8680438,0.05777381,0.4931145,右足D,下半身,,,0.8954452,0.1045548,0,0,False,0,0,0,0,0,0,0,0,0
-0.2419223,10.9818,0.100175,0.917686,0.01895656,0.3968536,右足D,下半身,,,0.8200656,0.1799344,0,0,False,0,0,0,0,0,0,0,0,0
-0.4287744,11.0165,0.3782817,0.6014484,0.048661,0.7974283,右足D,下半身,,,0.7937743,0.2062257,0,0,False,0,0,0,0,0,0,0,0,0
-0.8076187,11.10861,0.5675288,0.1286793,0.06526911,0.9895359,右足D,下半身,,,0.8344091,0.1655909,0,0,False,0,0,0,0,0,0,0,0,0
-1.550806,11.27536,-0.9840929,-0.6041195,0.02809098,-0.7963983,右足D,下半身,,,0.8788739,0.1211261,0,0,False,0,0,0,0,0,0,0,0,0
-1.847887,11.33486,-0.1452527,-0.9887227,0.06126814,0.1366503,右足D,下半身,,,0.8948196,0.1051804,0,0,False,0,0,0,0,0,0,0,0,0
-1.4961,4.739759,0.3522544,-0.9824937,-0.1222355,-0.1405861,右ひざD,,,,1,0,0,0,False,0,0,0,0,0,0,0,0,0
-1.355408,4.19313,0.156195,-0.8704712,-0.1079765,-0.48023,右ひざD,,,,1,0,0,0,False,0,0,0,0,0,0,0,0,0
-1.420874,4.192203,0.3703445,-0.9906121,-0.1320764,0.03525997,右ひざD,,,,1,0,0,0,False,0,0,0,0,0,0,0,0,0
-0.5606897,4.199939,0.5848711,0.9396436,-0.08162677,0.3322753,右ひざD,,,,1,0,0,0,False,0,0,0,0,0,0,0,0,0
-0.5387655,4.200266,0.3379528,0.95495,-0.07134411,-0.2880628,右ひざD,,,,1,0,0,0,False,0,0,0,0,0,0,0,0,0
-0.4786672,4.753202,0.2971765,0.9825776,-0.09465904,-0.1599396,右ひざD,,,,1,0,0,0,False,0,0,0,0,0,0,0,0,0
-0.5966904,3.713792,0.552644,0.9298772,-0.08199688,0.358615,右ひざD,,,,1,0,0,0,False,0,0,0,0,0,0,0,0,0
-0.5606897,4.199939,0.5848711,0.9396436,-0.08162677,0.3322753,右ひざD,,,,1,0,0,0,False,0,0,0,0,0,0,0,0,0
-0.7138814,4.195758,0.7957347,0.6236998,-0.08801506,0.7766929,右ひざD,,,,1,0,0,0,False,0,0,0,0,0,0,0,0,0
-1.318353,3.707495,0.5998592,-0.9436202,-0.1179267,0.309312,右ひざD,,,,1,0,0,0,False,0,0,0,0,0,0,0,0,0
-1.380334,4.19372,0.6207328,-0.9089776,-0.1343521,0.3945997,右ひざD,,,,1,0,0,0,False,0,0,0,0,0,0,0,0,0
-1.356098,3.707186,0.3846106,-0.9888194,-0.1147544,-0.09522206,右ひざD,,,,1,0,0,0,False,0,0,0,0,0,0,0,0,0
-0.5656471,3.717052,0.3296939,0.9883305,-0.0603601,-0.1398534,右ひざD,,,,1,0,0,0,False,0,0,0,0,0,0,0,0,0
-0.5966904,3.713792,0.552644,0.9298772,-0.08199688,0.358615,右ひざD,,,,1,0,0,0,False,0,0,0,0,0,0,0,0,0
-1.314009,3.707746,0.184243,-0.9086218,-0.1022465,-0.4049099,右ひざD,,,,1,0,0,0,False,0,0,0,0,0,0,0,0,0
-0.9572496,3.242997,0.8093998,0.103998,-0.07392962,0.9918259,右ひざD,,,,1,0,0,0,False,0,0,0,0,0,0,0,0,0
-1.124194,2.739662,0.7153353,-0.6252293,-0.06946709,0.7773432,右ひざD,,,,1,0,0,0,False,0,0,0,0,0,0,0,0,0
-0.9519979,2.74281,0.7871791,0.1659588,-0.02134237,0.9859016,右ひざD,,,,1,0,0,0,False,0,0,0,0,0,0,0,0,0
-0.7644677,2.742325,0.6816486,0.6954562,-0.03985924,0.717462,右ひざD,,,,1,0,0,0,False,0,0,0,0,0,0,0,0,0
-0.7462299,3.240594,0.7055002,0.6803609,-0.06904653,0.7296173,右ひざD,,,,1,0,0,0,False,0,0,0,0,0,0,0,0,0
-0.6850604,2.747289,0.1291168,0.8849167,-0.03269387,-0.4646003,右ひざD,,,,1,0,0,0,False,0,0,0,0,0,0,0,0,0
-0.6347529,2.741221,0.2776446,0.9892587,-0.04925436,-0.1376258,右ひざD,,,,1,0,0,0,False,0,0,0,0,0,0,0,0,0
-0.6544901,2.302141,0.2533662,0.978423,-0.02816208,-0.2046827,右ひざD,,,,1,0,0,0,False,0,0,0,0,0,0,0,0,0
-0.6863497,2.306856,0.1462555,0.8767185,-0.0212657,-0.4805334,右ひざD,,,,1,0,0,0,False,0,0,0,0,0,0,0,0,0
-0.6545038,2.300699,0.4990055,0.95397,-0.04375368,0.296693,右ひざD,,,,1,0,0,0,False,0,0,0,0,0,0,0,0,0
-0.6306047,2.740654,0.5112076,0.9733434,-0.05502591,0.2226537,右ひざD,,,,1,0,0,0,False,0,0,0,0,0,0,0,0,0
-0.6545038,2.300699,0.4990055,0.95397,-0.04375368,0.296693,右ひざD,,,,1,0,0,0,False,0,0,0,0,0,0,0,0,0
-0.6306047,2.740654,0.5112076,0.9733434,-0.05502591,0.2226537,右ひざD,,,,1,0,0,0,False,0,0,0,0,0,0,0,0,0
-0.7659192,2.302007,0.6772273,0.6402407,-0.00128289,0.7681732,右ひざD,,,,1,0,0,0,False,0,0,0,0,0,0,0,0,0
-0.9347503,2.301788,0.7839633,-0.114281,-0.02422604,0.9931529,右ひざD,,,,1,0,0,0,False,0,0,0,0,0,0,0,0,0
-1.087599,2.299539,0.7054775,-0.7088899,-0.07354507,0.7014742,右ひざD,,,,1,0,0,0,False,0,0,0,0,0,0,0,0,0
-1.227886,2.741769,0.5701878,-0.9301348,-0.08306281,0.3577,右ひざD,,,,1,0,0,0,False,0,0,0,0,0,0,0,0,0
-1.195974,2.298248,0.5558639,-0.9108158,-0.07862272,0.4052564,右ひざD,,,,1,0,0,0,False,0,0,0,0,0,0,0,0,0
-1.231321,2.297089,0.3894698,-0.9965175,-0.08087987,-0.02027464,右ひざD,,,,1,0,0,0,False,0,0,0,0,0,0,0,0,0
-0.9578155,2.740554,-0.01462692,-0.1301993,-0.04927876,-0.9902623,右ひざD,,,,1,0,0,0,False,0,0,0,0,0,0,0,0,0
-0.9402685,2.299388,-0.003279265,0.04496041,-0.03262848,-0.9984556,右ひざD,,,,1,0,0,0,False,0,0,0,0,0,0,0,0,0
-1.075863,2.29869,0.06151243,-0.5539692,-0.0526466,-0.8308709,右ひざD,,,,1,0,0,0,False,0,0,0,0,0,0,0,0,0
-1.107458,2.740692,0.05323788,-0.6753632,-0.07309435,-0.7338539,右ひざD,,,,1,0,0,0,False,0,0,0,0,0,0,0,0,0
-0.7751051,2.745872,0.0326505,0.5533439,-0.03524501,-0.8322068,右ひざD,,,,1,0,0,0,False,0,0,0,0,0,0,0,0,0
-0.7678456,2.30619,0.05206813,0.6168854,-0.02842377,-0.7865394,右ひざD,,,,1,0,0,0,False,0,0,0,0,0,0,0,0,0
-1.198398,2.297129,0.2151022,-0.8698136,-0.0732431,-0.4879137,右ひざD,,,,1,0,0,0,False,0,0,0,0,0,0,0,0,0
-1.235561,2.742929,0.2152391,-0.9114635,-0.0797794,-0.4035708,右ひざD,,,,1,0,0,0,False,0,0,0,0,0,0,0,0,0
-1.711717,9.126045,-0.3068127,-0.9748697,-0.1722719,-0.1412488,右足D,右足D,,,0.6758831,0.3241169,0,0,False,0,0,0,0,0,0,0,0,0
-1.644863,9.125941,-0.5631801,-0.8920094,-0.1807795,-0.4142921,右足D,右足D,,,0.6754101,0.3245899,0,0,False,0,0,0,0,0,0,0,0,0
-1.57519,8.771832,-0.5227922,-0.9622816,0.04254377,-0.2687078,右足D,右足D,,,0.7963378,0.2036622,0,0,False,0,0,0,0,0,0,0,0,0
-1.470772,8.962622,-0.7485599,-0.7597533,0.6255794,0.1772717,右足D,右足D,,,0.8328832,0.1671168,0,0,False,0,0,0,0,0,0,0,0,0
-1.633353,8.666203,-0.2638988,-0.6414772,0.7669003,0.01925955,右足D,右足D,,,0.7920348,0.2079652,0,0,False,0,0,0,0,0,0,0,0,0
-1.703926,8.61536,-0.2783393,-0.5977867,0.7881194,0.1466931,右足D,右足D,,,0.8605478,0.1394522,0,0,False,0,0,0,0,0,0,0,0,0
-1.629754,8.721527,-0.03828451,-0.617039,0.751057,-0.2348959,右足D,右足D,,,0.7929046,0.2070954,0,0,False,0,0,0,0,0,0,0,0,0
-0.3094489,8.7586,-0.2951308,0.9308197,0.3583411,-0.07187624,右足D,右足D,,,0.8534828,0.1465172,0,0,False,0,0,0,0,0,0,0,0,0
-0.4053115,8.810398,0.271071,0.8439825,0.4913581,0.2150826,右足D,右足D,,,0.8459297,0.1540703,0,0,False,0,0,0,0,0,0,0,0,0
-0.4053115,8.810398,0.271071,0.8439825,0.4913581,0.2150826,右足D,右足D,,,0.8459297,0.1540703,0,0,False,0,0,0,0,0,0,0,0,0
-0.4056303,8.748283,0.2825704,0.7981459,-0.05213042,0.6002043,右足D,右足D,,,0.8801861,0.1198139,0,0,False,0,0,0,0,0,0,0,0,0
-0.846766,9.127796,0.5326105,0.1993109,-0.1055568,0.9742343,右足D,右足D,,,0.7328756,0.2671244,0,0,False,0,0,0,0,0,0,0,0,0
-0.6234288,8.601716,0.4246883,0.4488566,-0.1336771,0.8835486,右足D,右足D,,,0.8992752,0.1007248,0,0,False,0,0,0,0,0,0,0,0,0
-0.5960258,9.018698,0.4311903,0.7800493,0.6112055,0.1339803,右足D,右足D,,,0.8181124,0.1818876,0,0,False,0,0,0,0,0,0,0,0,0
-0.3570428,8.753961,-0.002308451,0.927395,0.3510185,0.1293226,右足D,右足D,,,0.7915618,0.2084382,0,0,False,0,0,0,0,0,0,0,0,0
-0.4641569,8.411334,-0.5219958,0.9010781,-0.1296878,-0.4138105,右足D,右足D,,,0.9584955,0.0415045,0,0,False,0,0,0,0,0,0,0,0,0
-0.393212,8.222051,-0.2257224,0.9739156,-0.1462846,-0.1734617,右足D,右足D,,,0.9782101,0.02178991,0,0,False,0,0,0,0,0,0,0,0,0
-0.5067463,8.253497,0.2615467,0.700304,-0.1359751,0.7007744,右足D,右足D,,,0.9693904,0.03060961,0,0,False,0,0,0,0,0,0,0,0,0
-0.5067463,8.253497,0.2615467,0.700304,-0.1359751,0.7007744,右足D,右足D,,,0.9693904,0.03060961,0,0,False,0,0,0,0,0,0,0,0,0
-0.6459737,8.453583,0.4108758,0.3674116,-0.09937402,0.9247341,右足D,右足D,,,0.9351186,0.06488138,0,0,False,0,0,0,0,0,0,0,0,0
-1.575834,8.245307,-0.1900809,-0.9879573,0.03413583,-0.1509134,右足D,右足D,,,0.9543145,0.04568553,0,0,False,0,0,0,0,0,0,0,0,0
-1.477351,8.390504,-0.4828736,-0.940641,-0.01744739,-0.3389539,右足D,右足D,,,0.9495537,0.05044627,0,0,False,0,0,0,0,0,0,0,0,0
-1.49846,8.338609,-0.4915262,-0.9337507,0.03036317,-0.3566336,右足D,右足D,,,0.9709774,0.02902257,0,0,False,0,0,0,0,0,0,0,0,0
-1.595054,8.193443,-0.1926814,-0.9784105,-0.1915639,-0.07756228,右足D,右足D,,,0.981796,0.01820397,0,0,False,0,0,0,0,0,0,0,0,0
-1.561184,8.291029,-0.01329463,-0.9732397,0.03866964,0.2265148,右足D,右足D,,,0.9638362,0.03616381,0,0,False,0,0,0,0,0,0,0,0,0
-0.3985583,8.259171,0.04409052,0.9633684,0.2265417,0.1435271,右足D,右足D,,,0.9420157,0.05798429,0,0,False,0,0,0,0,0,0,0,0,0
-0.3972406,8.348789,-0.2465118,0.9353308,-0.2802364,-0.215925,右足D,右足D,,,0.9358969,0.06410313,0,0,False,0,0,0,0,0,0,0,0,0
-0.3676553,8.314323,-0.2389989,0.935451,-0.26414,-0.2348642,右足D,右足D,,,0.956817,0.04318303,0,0,False,0,0,0,0,0,0,0,0,0
-0.3692348,8.223116,0.04734588,0.9616576,0.2019482,0.1855572,右足D,右足D,,,0.9666743,0.03332567,0,0,False,0,0,0,0,0,0,0,0,0
-0.4698293,8.353885,0.2639882,0.7136701,-0.2590151,0.6508347,右足D,右足D,,,0.9449302,0.0550698,0,0,False,0,0,0,0,0,0,0,0,0
-0.4937246,8.377919,0.2508779,0.7834002,-0.2225232,0.5803167,右足D,右足D,,,0.9229725,0.0770275,0,0,False,0,0,0,0,0,0,0,0,0
-0.4937246,8.377919,0.2508779,0.7834002,-0.2225232,0.5803167,右足D,右足D,,,0.9229725,0.0770275,0,0,False,0,0,0,0,0,0,0,0,0
-1.556687,8.306928,-0.03690327,-0.9737943,-0.06640162,0.2175201,右足D,右足D,,,0.9420462,0.05795377,0,0,False,0,0,0,0,0,0,0,0,0
-0.4937246,8.377919,0.2508779,0.7551641,0.6470001,-0.1054413,右足D,右足D,,,0.9229725,0.0770275,0,0,False,0,0,0,0,0,0,0,0,0
-0.4698293,8.353885,0.2639882,0.7416271,0.652562,-0.1554087,右足D,右足D,,,0.9449302,0.0550698,0,0,False,0,0,0,0,0,0,0,0,0
-0.3692348,8.223116,0.04734588,0.727163,0.6824337,-0.0742831,右足D,右足D,,,0.9666743,0.03332567,0,0,False,0,0,0,0,0,0,0,0,0
-0.6234288,8.601716,0.4246883,0.7503934,0.6176766,-0.2353404,右足D,右足D,,,0.8992752,0.1007248,0,0,False,0,0,0,0,0,0,0,0,0
-0.4698293,8.353885,0.2639882,0.7416271,0.652562,-0.1554087,右足D,右足D,,,0.9449302,0.0550698,0,0,False,0,0,0,0,0,0,0,0,0
-0.4937246,8.377919,0.2508779,0.7551641,0.6470001,-0.1054413,右足D,右足D,,,0.9229725,0.0770275,0,0,False,0,0,0,0,0,0,0,0,0
-0.4698293,8.353885,0.2639882,0.7136701,-0.2590151,0.6508347,右足D,右足D,,,0.9449302,0.0550698,0,0,False,0,0,0,0,0,0,0,0,0
-0.3676553,8.314323,-0.2389989,0.7213272,0.6508122,0.2369181,右足D,右足D,,,0.956817,0.04318303,0,0,False,0,0,0,0,0,0,0,0,0
-0.3972406,8.348789,-0.2465118,0.7061686,0.6613038,0.2529882,右足D,右足D,,,0.9358969,0.06410313,0,0,False,0,0,0,0,0,0,0,0,0
-0.452875,8.543917,-0.5487671,0.6913375,0.6583298,0.2977487,右足D,右足D,,,0.9189746,0.08102542,0,0,False,0,0,0,0,0,0,0,0,0
-1.884485,10.27143,-0.1246776,-0.5655452,-0.8013932,-0.1947497,右足D,右足D,,,0.8624247,0.1375753,0,0,False,0,0,0,0,0,0,0,0,0
-1.707975,10.0563,0.2480053,-0.5655452,-0.8013932,-0.1947497,右足D,右足D,,,0.7947661,0.2052339,0,0,False,0,0,0,0,0,0,0,0,0
-1.859044,10.30748,-0.3243914,-0.9707379,-0.1200541,0.2079777,右足D,右足D,,,0.886305,0.113695,0,0,False,0,0,0,0,0,0,0,0,0
-1.747602,10.06516,-0.6512383,-0.3425957,-0.8443418,0.4119648,右足D,右足D,,,0.7797208,0.2202792,0,0,False,0,0,0,0,0,0,0,0,0
-1.850009,10.26426,-0.3283424,-0.3425957,-0.8443418,0.4119648,右足D,右足D,,,0.8141146,0.1858854,0,0,False,0,0,0,0,0,0,0,0,0
-1.884318,10.24728,-0.3916666,-0.3425957,-0.8443418,0.4119648,右足D,右足D,,,0.8639811,0.1360189,0,0,False,0,0,0,0,0,0,0,0,0
-1.85986,10.69456,-0.1940717,-0.3295612,0.8355448,0.4396413,右足D,下半身,右足D,下半身,0.9467307,0.0351873,0.0180972,0,False,0,0,0,0,0,0,0,0,0
-1.911288,10.63802,-0.125168,-0.3295562,0.8355321,0.4396347,右足D,下半身,右足D,下半身,0.941741,0.02981613,0.02844282,0,False,0,0,0,0,0,0,0,0,0
-1.920746,10.62256,-0.4044363,-0.4378027,0.75754,-0.4842123,右足D,下半身,右足D,下半身,0.9507591,0.03215076,0.0170901,0,False,0,0,0,0,0,0,0,0,0
-1.868291,10.6922,-0.3429162,-0.4378028,0.7575401,-0.4842124,右足D,下半身,右足D,下半身,0.951812,0.03700313,0.01118486,0,False,0,0,0,0,0,0,0,0,0
-1.911288,10.63802,-0.125168,-0.9479759,-0.1708515,-0.2686097,右足D,下半身,右足D,下半身,0.941741,0.02981613,0.02844282,0,False,0,0,0,0,0,0,0,0,0
-1.920746,10.62256,-0.4044363,-0.8787943,-0.3272452,-0.3473198,右足D,下半身,右足D,下半身,0.9507591,0.03215076,0.0170901,0,False,0,0,0,0,0,0,0,0,0
-1.865279,10.66032,-0.194888,-0.9768719,0.09218233,-0.192855,右足D,下半身,右足D,下半身,0.9524529,0.03236439,0.01516747,0,False,0,0,0,0,0,0,0,0,0
-1.872291,10.65989,-0.3362804,-0.9605954,0.05717561,0.2720061,右足D,下半身,右足D,下半身,0.954345,0.03422599,0.01142901,0,False,0,0,0,0,0,0,0,0,0
-0.1461276,10.70845,-0.4820577,0.9425226,0.04990916,-0.3303474,右足D,下半身,右足D,下半身,0.9007859,0.07548638,0.02371252,0,False,0,0,0,0,0,0,0,0,0
-0.3512326,10.42806,-0.811727,0.8452135,0.000583899,-0.5344568,右足D,右足D,下半身,下半身,0.8717937,0.07200732,0.05621424,0,False,0,0,0,0,0,0,0,0,0
-0.1135517,10.7859,-0.2563944,0.5160356,-0.01042441,0.8564858,右足D,下半身,右足D,下半身,0.9127642,0.08293279,0.004287785,0,False,0,0,0,0,0,0,0,0,0
-0.1721839,10.8424,-0.2246421,0.5271185,0.07111412,0.8468109,右足D,下半身,,,0.8982834,0.1017166,0,0,False,0,0,0,0,0,0,0,0,0
-0.1717455,10.79799,-0.2211853,0.8659416,0.02895427,0.499306,右足D,下半身,,,0.9160143,0.08398569,0,0,False,0,0,0,0,0,0,0,0,0
-0.2419223,10.9818,0.100175,0.917686,0.01895656,0.3968536,右足D,下半身,,,0.8200656,0.1799344,0,0,False,0,0,0,0,0,0,0,0,0
-0.2212353,10.73132,0.1293673,0.4404758,0.645534,0.6239124,右足D,下半身,,,0.9188373,0.08116269,0,0,False,0,0,0,0,0,0,0,0,0
-0.1369925,10.78946,-0.08366033,0.5724895,0.7125294,0.4056569,右足D,下半身,,,0.915053,0.08494699,0,0,False,0,0,0,0,0,0,0,0,0
-0.2212353,10.73132,0.1293673,0.4404758,0.645534,0.6239124,右足D,下半身,,,0.9188373,0.08116269,0,0,False,0,0,0,0,0,0,0,0,0
-0.1842863,10.58037,-0.4631902,0.9506025,-0.09766944,-0.2946448,右足D,右足D,下半身,下半身,0.8834974,0.06059358,0.05590906,0,False,0,0,0,0,0,0,0,0,0
-0.1369925,10.78946,-0.08366033,0.9189265,-0.2641348,0.2929278,右足D,下半身,,,0.915053,0.08494699,0,0,False,0,0,0,0,0,0,0,0,0
-0.2212353,10.73132,0.1293673,0.9006229,-0.2617054,0.3469705,右足D,下半身,,,0.9188373,0.08116269,0,0,False,0,0,0,0,0,0,0,0,0
-0.1629926,10.69976,-0.08203288,0.9688212,-0.07670167,-0.2355887,右足D,下半身,右足D,下半身,0.9012589,0.07133593,0.0274052,0,False,0,0,0,0,0,0,0,0,0
-0.2212353,10.73132,0.1293673,0.9006229,-0.2617054,0.3469705,右足D,下半身,,,0.9188373,0.08116269,0,0,False,0,0,0,0,0,0,0,0,0
-0.1877377,10.79801,-0.1249276,0.9553267,-0.02751978,-0.2942671,右足D,下半身,,,0.91458,0.08542001,0,0,False,0,0,0,0,0,0,0,0,0
-0.1770892,10.96719,-0.1898049,0.9941363,0.02981028,0.1039432,右足D,下半身,,,0.8354772,0.1645228,0,0,False,0,0,0,0,0,0,0,0,0
-0.1831305,10.71156,-0.1187845,0.9888271,0.02916525,-0.1461849,右足D,下半身,右足D,下半身,0.9190356,0.07255665,0.008407721,0,False,0,0,0,0,0,0,0,0,0
-0.1693219,10.70696,-0.2153585,0.9250081,0.0451484,0.3772551,右足D,下半身,右足D,下半身,0.9104448,0.07122912,0.01832609,0,False,0,0,0,0,0,0,0,0,0
-0.1900045,10.05355,-0.1174349,0.9894202,-0.0830171,0.1189772,右足D,右足D,,,0.737377,0.262623,0,0,False,0,0,0,0,0,0,0,0,0
-0.1712913,10.39294,-0.1997187,0.9674103,-0.158009,0.1978638,右足D,右足D,下半身,下半身,0.837705,0.133257,0.02903792,0,False,0,0,0,0,0,0,0,0,0
-0.1840967,10.39303,-0.1053533,0.9858066,-0.1601347,0.05041786,右足D,右足D,下半身,下半身,0.8382086,0.1341573,0.02763409,0,False,0,0,0,0,0,0,0,0,0
-0.1771892,10.45163,-0.1080328,0.9814973,-0.06054201,-0.1816519,右足D,右足D,下半身,下半身,0.8991989,0.06657511,0.03422599,0,False,0,0,0,0,0,0,0,0,0
-0.1641597,10.48476,-0.2035563,0.8786572,0.02714994,0.4766805,右足D,右足D,下半身,下半身,0.8911879,0.06869612,0.04011597,0,False,0,0,0,0,0,0,0,0,0
-0.1748428,10.28598,-0.4542565,0.960377,-0.2086445,-0.1847791,右足D,右足D,下半身,下半身,0.8214542,0.1553521,0.02319371,0,False,0,0,0,0,0,0,0,0,0
-0.142566,10.68783,-0.2499593,0.9095452,-0.06157089,0.4110187,右足D,下半身,右足D,下半身,0.8949569,0.06907759,0.03596551,0,False,0,0,0,0,0,0,0,0,0
-0.1208238,10.4306,-0.2286554,0.6601124,-0.2130261,0.7203273,右足D,右足D,下半身,下半身,0.885832,0.08154421,0.03262379,0,False,0,0,0,0,0,0,0,0,0
-1.920746,10.62256,-0.4044363,-0.813063,-0.007478053,0.5821275,右足D,下半身,右足D,下半身,0.9507591,0.03215076,0.0170901,0,False,0,0,0,0,0,0,0,0,0
-1.870065,10.57824,-0.1962633,-0.9893049,-0.07863012,-0.122853,右足D,右足D,下半身,下半身,0.9394522,0.03494316,0.02560464,0,False,0,0,0,0,0,0,0,0,0
-1.853707,10.31072,-0.1975972,-0.9856228,-0.09529922,-0.1395196,右足D,右足D,,,0.8864729,0.1135271,0,0,False,0,0,0,0,0,0,0,0,0
-1.874179,10.57515,-0.3335221,-0.9836577,-0.001020558,0.1801297,右足D,右足D,下半身,下半身,0.9328756,0.0399939,0.0271458,0,False,0,0,0,0,0,0,0,0,0
-0.1369925,10.78946,-0.08366033,0.6154086,-0.1127396,-0.7801037,右足D,下半身,,,0.915053,0.08494699,0,0,False,0,0,0,0,0,0,0,0,0
-0.1135517,10.7859,-0.2563944,0.6518711,0.6939256,-0.3057787,右足D,下半身,右足D,下半身,0.9127642,0.08293279,0.004287785,0,False,0,0,0,0,0,0,0,0,0
-0.1135517,10.7859,-0.2563944,0.9574137,-0.2858691,-0.04008994,右足D,下半身,右足D,下半身,0.9127642,0.08293279,0.004287785,0,False,0,0,0,0,0,0,0,0,0
-0.1208238,10.4306,-0.2286554,0.9710489,0.04370247,-0.2348487,右足D,右足D,下半身,下半身,0.885832,0.08154421,0.03262379,0,False,0,0,0,0,0,0,0,0,0
-0.2741767,10.05205,0.1741836,0.9069492,-0.07576304,0.4143704,右足D,右足D,,,0.7052415,0.2947585,0,0,False,0,0,0,0,0,0,0,0,0
-0.1865739,10.84492,-0.126202,0.6267781,-0.03669416,-0.7783332,右足D,下半身,,,0.8956283,0.1043717,0,0,False,0,0,0,0,0,0,0,0,0
-0.6117995,10.05497,-1.027679,0.4451964,-0.1269603,-0.8863865,右足D,右足D,下半身,下半身,0.7049973,0.2640269,0.03097581,0,False,0,0,0,0,0,0,0,0,0
-1.467586,10.05513,0.4655193,-0.4899762,-0.03626748,0.870981,右足D,右足D,,,0.7781643,0.2218357,0,0,False,0,0,0,0,0,0,0,0,0
-1.41897,10.21613,-1.025098,-0.4107461,-0.04484722,-0.910646,右足D,右足D,下半身,下半身,0.8014496,0.1779049,0.02064546,0,False,0,0,0,0,0,0,0,0,0
-1.250483,10.0561,-1.082607,-0.3362764,-0.1385229,-0.9315199,右足D,右足D,,,0.7376974,0.2623026,0,0,False,0,0,0,0,0,0,0,0,0
-1.577088,10.32795,-0.9396949,-0.6960528,-0.1111343,-0.7093374,右足D,右足D,,,0.8528725,0.1471275,0,0,False,0,0,0,0,0,0,0,0,0
-1.327398,10.15683,-1.053864,-0.3858001,-0.03149214,-0.9220445,右足D,右足D,下半身,下半身,0.8014496,0.1779049,0.02064546,0,False,0,0,0,0,0,0,0,0,0
-1.25131,10.10248,-1.087978,-0.3118461,-0.1147762,-0.9431745,右足D,右足D,,,0.7376974,0.2623026,0,0,False,0,0,0,0,0,0,0,0,0
-1.189993,10.05598,-1.091426,-0.1430251,-0.1450383,-0.9790339,右足D,右足D,,,0.7376974,0.2623026,0,0,False,0,0,0,0,0,0,0,0,0
-1.035157,9.893632,-1.082684,-0.1501258,-0.1823118,-0.971712,右足D,右足D,下半身,下半身,0.7069657,0.2648051,0.02822919,0,False,0,0,0,0,0,0,0,0,0
-1.048963,10.0537,0.6091586,-0.06026696,-0.02320758,0.9979123,右足D,右足D,,,0.8025787,0.1974213,0,0,False,0,0,0,0,0,0,0,0,0
-1.093395,9.972725,0.6009088,-0.04669579,-0.05875903,0.9971793,右足D,右足D,,,0.8025787,0.1974213,0,0,False,0,0,0,0,0,0,0,0,0
-0.8989201,10.05302,0.6182045,-0.06029298,-0.03224693,0.9976597,右足D,右足D,,,0.7305562,0.2694438,0,0,False,0,0,0,0,0,0,0,0,0
-0.8541235,9.920752,0.6118418,-0.06034747,-0.0683407,0.9958351,右足D,右足D,,,0.7305562,0.2694438,0,0,False,0,0,0,0,0,0,0,0,0
-0.8215761,9.82465,0.6072192,0.09977128,-0.07654037,0.992062,右足D,右足D,,,0.5388571,0.4611429,0,0,False,0,0,0,0,0,0,0,0,0
-1.002016,9.842999,0.597544,-0.03693339,-0.0519027,0.9979688,右足D,右足D,,,0.8025787,0.1974213,0,0,False,0,0,0,0,0,0,0,0,0
-0.9232037,9.731115,0.5946417,-0.03986248,-0.0539608,0.9977469,右足D,右足D,,,0.5388571,0.4611429,0,0,False,0,0,0,0,0,0,0,0,0
-0.8332781,9.603453,0.5913301,0.1944461,-0.09022279,0.976755,右足D,右足D,,,0.5388571,0.4611429,0,0,False,0,0,0,0,0,0,0,0,0
-0.998625,9.603461,0.5881274,-0.01929693,-0.08671234,0.9960464,右足D,右足D,,,0.5157244,0.4842756,0,0,False,0,0,0,0,0,0,0,0,0
-0.9232037,9.731115,0.5946417,-0.03986248,-0.0539608,0.9977469,右足D,右足D,,,0.5388571,0.4611429,0,0,False,0,0,0,0,0,0,0,0,0
-1.148537,9.603467,0.5852236,-0.2360955,-0.1026215,0.9662958,右足D,右足D,,,0.5157244,0.4842756,0,0,False,0,0,0,0,0,0,0,0,0
-0.6062732,9.484406,0.4720635,0.383037,-0.1024463,0.9180343,右足D,右足D,,,0.5380636,0.4619364,0,0,False,0,0,0,0,0,0,0,0,0
-0.7046338,9.601529,0.5326759,0.4110491,-0.1087105,0.905108,右足D,右足D,,,0.5388571,0.4611429,0,0,False,0,0,0,0,0,0,0,0,0
-0.5734302,9.45688,0.4589009,0.3271943,-0.06054538,0.9430153,右足D,右足D,,,0.5380636,0.4619364,0,0,False,0,0,0,0,0,0,0,0,0
-0.5465533,9.432078,0.4479831,0.5739115,-0.08285226,0.8147153,右足D,右足D,,,0.5380636,0.4619364,0,0,False,0,0,0,0,0,0,0,0,0
-0.4668324,9.338287,0.3338297,0.759252,-0.07895242,0.6459896,右足D,右足D,,,0.6820783,0.3179217,0,0,False,0,0,0,0,0,0,0,0,0
-0.4154267,9.291174,0.2749665,0.7324825,-0.04913802,0.67901,右足D,右足D,,,0.6820783,0.3179217,0,0,False,0,0,0,0,0,0,0,0,0
-0.5565862,9.164402,0.4180679,0.754929,-0.0739933,0.6516187,右足D,右足D,,,0.7054246,0.2945754,0,0,False,0,0,0,0,0,0,0,0,0
-0.5753562,9.157447,0.4403443,0.5739121,-0.08285177,0.8147148,右足D,右足D,,,0.7054246,0.2945754,0,0,False,0,0,0,0,0,0,0,0,0
-0.6695654,9.149186,0.4725013,0.3271945,-0.06054527,0.9430152,右足D,右足D,,,0.7607843,0.2392157,0,0,False,0,0,0,0,0,0,0,0,0
-0.7696307,9.242174,0.5131909,0.3553408,-0.08153757,0.9311735,右足D,右足D,,,0.7328756,0.2671244,0,0,False,0,0,0,0,0,0,0,0,0
-0.8400286,9.365396,0.5619421,0.2003452,-0.1256287,0.9716372,右足D,右足D,,,0.7328756,0.2671244,0,0,False,0,0,0,0,0,0,0,0,0
-0.3786947,9.257508,0.2329054,0.8872622,-0.08873767,0.4526492,右足D,右足D,,,0.6820783,0.3179217,0,0,False,0,0,0,0,0,0,0,0,0
-0.8037096,9.603011,0.5778485,0.411257,-0.1050881,0.9054413,右足D,右足D,,,0.5388571,0.4611429,0,0,False,0,0,0,0,0,0,0,0,0
-0.7656751,9.717994,0.5715859,0.4122067,-0.08695468,0.9069313,右足D,右足D,,,0.5388571,0.4611429,0,0,False,0,0,0,0,0,0,0,0,0
-0.8356026,9.521475,0.5812099,0.231662,-0.125654,0.9646468,右足D,右足D,,,0.5388571,0.4611429,0,0,False,0,0,0,0,0,0,0,0,0
-0.9569398,9.301459,0.5518192,-0.01710198,-0.1206338,0.9925497,右足D,右足D,,,0.7328756,0.2671244,0,0,False,0,0,0,0,0,0,0,0,0
-0.886664,9.428887,0.5688416,-0.01922595,-0.1219592,0.9923488,右足D,右足D,,,0.5388571,0.4611429,0,0,False,0,0,0,0,0,0,0,0,0
-1.214777,9.603593,0.5556904,-0.4055431,-0.09451025,0.9091768,右足D,右足D,,,0.5157244,0.4842756,0,0,False,0,0,0,0,0,0,0,0,0
-1.184024,9.653704,0.5719092,-0.4032985,-0.04262789,0.9140749,右足D,右足D,,,0.5157244,0.4842756,0,0,False,0,0,0,0,0,0,0,0,0
-1.327162,9.856339,0.5182051,-0.4015126,-0.04113965,0.914929,右足D,右足D,,,0.7781643,0.2218357,0,0,False,0,0,0,0,0,0,0,0,0
-1.149413,9.780671,0.592221,-0.2126726,-0.03960535,0.9763205,右足D,右足D,,,0.5157244,0.4842756,0,0,False,0,0,0,0,0,0,0,0,0
-1.350782,9.821593,0.5059354,-0.4068643,-0.04560286,0.9123495,右足D,右足D,,,0.5130998,0.4869002,0,0,False,0,0,0,0,0,0,0,0,0
-1.46985,9.640861,0.434816,-0.6919016,-0.07362605,0.7182277,右足D,右足D,,,0.5130998,0.4869002,0,0,False,0,0,0,0,0,0,0,0,0
-1.448742,9.604036,0.4513751,-0.5917546,-0.1016699,0.7996808,右足D,右足D,,,0.5130998,0.4869002,0,0,False,0,0,0,0,0,0,0,0,0
-1.451632,9.673236,0.4535448,-0.5453182,-0.04901601,0.8367947,右足D,右足D,,,0.5130998,0.4869002,0,0,False,0,0,0,0,0,0,0,0,0
-1.488109,9.604172,0.4118595,-0.7047024,-0.1049682,0.7016951,右足D,右足D,,,0.5130998,0.4869002,0,0,False,0,0,0,0,0,0,0,0,0
-1.634591,9.343487,0.2195517,-0.8328052,-0.128947,0.5383382,右足D,右足D,,,0.6861525,0.3138475,0,0,False,0,0,0,0,0,0,0,0,0
-1.608274,9.127748,0.2085892,-0.787944,-0.1358711,0.6005691,右足D,右足D,,,0.6861525,0.3138475,0,0,False,0,0,0,0,0,0,0,0,0
-1.661331,9.273471,0.1234516,-0.9157934,-0.1073002,0.3870512,右足D,右足D,,,0.6861525,0.3138475,0,0,False,0,0,0,0,0,0,0,0,0
-1.382968,9.60391,0.480701,-0.4054175,-0.09785746,0.9088786,右足D,右足D,,,0.5130998,0.4869002,0,0,False,0,0,0,0,0,0,0,0,0
-1.423063,9.715263,0.4683864,-0.4068653,-0.04560297,0.912349,右足D,右足D,,,0.5130998,0.4869002,0,0,False,0,0,0,0,0,0,0,0,0
-1.297739,9.384815,0.487137,-0.3928287,-0.1218929,0.9114974,右足D,右足D,,,0.5130998,0.4869002,0,0,False,0,0,0,0,0,0,0,0,0
-1.400941,9.212128,0.4245374,-0.5419093,-0.123032,0.8313828,右足D,右足D,,,0.728191,0.271809,0,0,False,0,0,0,0,0,0,0,0,0
-1.441093,9.127171,0.3699353,-0.6876308,-0.142249,0.7119894,右足D,右足D,,,0.728191,0.271809,0,0,False,0,0,0,0,0,0,0,0,0
-1.603759,9.093871,0.2057228,-0.8077444,-0.1557676,0.5685818,右足D,右足D,,,0.6861525,0.3138475,0,0,False,0,0,0,0,0,0,0,0,0
-1.483761,9.055794,0.3134971,-0.6866742,-0.1516781,0.7109657,右足D,右足D,,,0.728191,0.271809,0,0,False,0,0,0,0,0,0,0,0,0
-1.644321,9.127325,0.1285345,-0.9046621,-0.1229805,0.4079977,右足D,右足D,,,0.6861525,0.3138475,0,0,False,0,0,0,0,0,0,0,0,0
-1.724325,9.126383,-0.04914178,-0.9698735,-0.1608975,0.1829129,右足D,右足D,,,0.674464,0.325536,0,0,False,0,0,0,0,0,0,0,0,0
-1.693949,9.197309,0.03408329,-0.9078262,-0.0914254,0.4092591,右足D,右足D,,,0.674464,0.325536,0,0,False,0,0,0,0,0,0,0,0,0
-1.769541,9.751513,-0.01423862,-0.9329404,-0.05671751,0.3555348,右足D,右足D,,,0.5237354,0.4762646,0,0,False,0,0,0,0,0,0,0,0,0
-1.742661,9.298886,-0.1591803,-0.9908153,-0.1297035,-0.03823174,右足D,右足D,,,0.674464,0.325536,0,0,False,0,0,0,0,0,0,0,0,0
-1.755338,9.418152,-0.2352605,-0.9911124,-0.128139,-0.03572759,右足D,右足D,,,0.5092241,0.4907759,0,0,False,0,0,0,0,0,0,0,0,0
-1.739129,9.332795,-0.3271648,-0.9756665,-0.1455126,-0.1640144,右足D,右足D,,,0.6758831,0.3241169,0,0,False,0,0,0,0,0,0,0,0,0
-1.746097,9.497605,-0.4004861,-0.9556096,-0.1490328,-0.2541642,右足D,右足D,,,0.5092241,0.4907759,0,0,False,0,0,0,0,0,0,0,0,0
-1.756011,9.604066,-0.4249338,-0.9556323,-0.1444845,-0.2566923,右足D,右足D,,,0.5092241,0.4907759,0,0,False,0,0,0,0,0,0,0,0,0
-1.76317,9.724213,-0.4642934,-0.9561013,-0.1411179,-0.2568188,右足D,右足D,,,0.5092241,0.4907759,0,0,False,0,0,0,0,0,0,0,0,0
-1.13638,9.603298,-1.013368,-0.1581756,-0.1767904,-0.9714553,右足D,右足D,,,0.5250324,0.4749676,0,0,False,0,0,0,0,0,0,0,0,0
-1.231799,9.603495,-0.9978679,-0.3070646,-0.1729455,-0.9358423,右足D,右足D,,,0.5250324,0.4749676,0,0,False,0,0,0,0,0,0,0,0,0
-1.192012,9.6622,-1.015029,-0.1517398,-0.181208,-0.9716679,右足D,右足D,,,0.5250324,0.4749676,0,0,False,0,0,0,0,0,0,0,0,0
-1.124871,9.761263,-1.043988,-0.1485185,-0.1834134,-0.9717518,右足D,右足D,,,0.5250324,0.4749676,0,0,False,0,0,0,0,0,0,0,0,0
-1.094001,9.671425,-1.032667,-0.1581761,-0.1767843,-0.9714563,右足D,右足D,,,0.5250324,0.4749676,0,0,False,0,0,0,0,0,0,0,0,0
-1.240531,9.815027,-1.037472,-0.3003189,-0.1874948,-0.9352294,右足D,右足D,,,0.5250324,0.4749676,0,0,False,0,0,0,0,0,0,0,0,0
-1.236111,9.707956,-1.017426,-0.3225649,-0.1870383,-0.9278837,右足D,右足D,,,0.5250324,0.4749676,0,0,False,0,0,0,0,0,0,0,0,0
-1.39442,9.836492,-0.9625921,-0.4568768,-0.176956,-0.8717511,右足D,右足D,,,0.5250324,0.4749676,0,0,False,0,0,0,0,0,0,0,0,0
-1.320344,9.776347,-0.9882498,-0.4506454,-0.1822186,-0.8739078,右足D,右足D,,,0.5250324,0.4749676,0,0,False,0,0,0,0,0,0,0,0,0
-1.29311,9.822361,-1.011888,-0.4506469,-0.1822192,-0.873907,右足D,右足D,,,0.5250324,0.4749676,0,0,False,0,0,0,0,0,0,0,0,0
-0.9119104,9.775548,-1.081262,0.02841872,-0.1700969,-0.9850174,右足D,右足D,,,0.5199512,0.4800488,0,0,False,0,0,0,0,0,0,0,0,0
-0.9489203,9.703095,-1.062052,-0.1581669,-0.1767816,-0.9714583,右足D,右足D,,,0.5199512,0.4800488,0,0,False,0,0,0,0,0,0,0,0,0
-0.74512,9.848342,-1.038425,0.2959454,-0.1418204,-0.9446179,右足D,右足D,下半身,下半身,0.7049973,0.2640269,0.03097581,0,False,0,0,0,0,0,0,0,0,0
-0.6789483,9.603262,-0.9837058,0.2854982,-0.1321011,-0.9492312,右足D,右足D,,,0.5185016,0.4814984,0,0,False,0,0,0,0,0,0,0,0,0
-0.6087905,9.603401,-0.9626238,0.5653198,-0.1294382,-0.8146527,右足D,右足D,,,0.5185016,0.4814984,0,0,False,0,0,0,0,0,0,0,0,0
-0.738507,9.379343,-0.9717455,0.3107619,-0.1416497,-0.9398736,右足D,右足D,,,0.5185016,0.4814984,0,0,False,0,0,0,0,0,0,0,0,0
-0.6093324,9.684724,-0.9743398,0.5154731,-0.1188173,-0.8486282,右足D,右足D,,,0.5185016,0.4814984,0,0,False,0,0,0,0,0,0,0,0,0
-0.6396409,9.733045,-0.9903167,0.2853756,-0.1347915,-0.9488899,右足D,右足D,,,0.5185016,0.4814984,0,0,False,0,0,0,0,0,0,0,0,0
-0.5781739,9.658952,-0.938823,0.725619,-0.1088153,-0.679438,右足D,右足D,,,0.5185016,0.4814984,0,0,False,0,0,0,0,0,0,0,0,0
-0.5459755,9.60316,-0.8936883,0.7337274,-0.1186887,-0.668997,右足D,右足D,,,0.5185016,0.4814984,0,0,False,0,0,0,0,0,0,0,0,0
-0.4452943,9.475042,-0.7603582,0.7489729,-0.1336271,-0.6489863,右足D,右足D,,,0.5090867,0.4909133,0,0,False,0,0,0,0,0,0,0,0,0
-0.6094911,9.239758,-0.8983718,0.5559072,-0.1456717,-0.8183805,右足D,右足D,,,0.7398794,0.2601206,0,0,False,0,0,0,0,0,0,0,0,0
-0.5758808,9.198839,-0.8541928,0.760799,-0.1447748,-0.6326333,右足D,右足D,,,0.7398794,0.2601206,0,0,False,0,0,0,0,0,0,0,0,0
-0.5319728,9.126935,-0.7788822,0.7755958,-0.1771639,-0.605858,右足D,右足D,,,0.7754025,0.2245975,0,0,False,0,0,0,0,0,0,0,0,0
-0.437837,9.077948,-0.6414183,0.857718,-0.1950368,-0.4756893,右足D,右足D,,,0.7044175,0.2955825,0,0,False,0,0,0,0,0,0,0,0,0
-0.4923966,9.051387,-0.7020446,0.7706555,-0.2086805,-0.602115,右足D,右足D,,,0.7044175,0.2955825,0,0,False,0,0,0,0,0,0,0,0,0
-0.4319532,9.126478,-0.6507073,0.85738,-0.1792409,-0.4824645,右足D,右足D,,,0.7044175,0.2955825,0,0,False,0,0,0,0,0,0,0,0,0
-0.3996242,9.126451,-0.5622656,0.9253523,-0.1710851,-0.3383085,右足D,右足D,,,0.7044175,0.2955825,0,0,False,0,0,0,0,0,0,0,0,0
-0.2972083,9.258754,-0.3467544,0.9676825,-0.1534329,-0.2001211,右足D,右足D,,,0.6820325,0.3179675,0,0,False,0,0,0,0,0,0,0,0,0
-0.3528922,9.33523,-0.5364166,0.9225652,-0.156258,-0.352784,右足D,右足D,,,0.7044175,0.2955825,0,0,False,0,0,0,0,0,0,0,0,0
-0.4018971,9.431306,-0.6931821,0.8551043,-0.153324,-0.4952658,右足D,右足D,,,0.5090867,0.4909133,0,0,False,0,0,0,0,0,0,0,0,0
-0.4302507,9.45614,-0.7360781,0.777766,-0.1613365,-0.6074953,右足D,右足D,,,0.5090867,0.4909133,0,0,False,0,0,0,0,0,0,0,0,0
-1.531089,9.449791,-0.8149567,-0.6107025,-0.1656142,-0.7743476,右足D,右足D,,,0.5069352,0.4930648,0,0,False,0,0,0,0,0,0,0,0,0
-1.415884,9.603765,-0.902998,-0.4515712,-0.1707542,-0.8757432,右足D,右足D,,,0.5069352,0.4930648,0,0,False,0,0,0,0,0,0,0,0,0
-1.602911,9.330503,-0.6797218,-0.8072562,-0.1583649,-0.5685577,右足D,右足D,,,0.6754101,0.3245899,0,0,False,0,0,0,0,0,0,0,0,0
-1.498044,9.126177,-0.7718048,-0.6730556,-0.1868376,-0.715603,右足D,右足D,,,0.7000992,0.2999008,0,0,False,0,0,0,0,0,0,0,0,0
-1.659366,9.238206,-0.5738834,-0.9090636,-0.1543413,-0.3870169,右足D,右足D,,,0.6754101,0.3245899,0,0,False,0,0,0,0,0,0,0,0,0
-1.666736,9.206247,-0.5280263,-0.9559714,-0.1499673,-0.2522466,右足D,右足D,,,0.6754101,0.3245899,0,0,False,0,0,0,0,0,0,0,0,0
-1.672885,9.187431,-0.4930207,-0.9565048,-0.1513692,-0.2493707,右足D,右足D,,,0.6754101,0.3245899,0,0,False,0,0,0,0,0,0,0,0,0
-1.517618,9.03627,-0.7086241,-0.8024817,-0.216119,-0.5561615,右足D,右足D,,,0.8328832,0.1671168,0,0,False,0,0,0,0,0,0,0,0,0
-1.477748,9.004461,-0.7545063,-0.6482679,-0.2120239,-0.7312964,右足D,右足D,,,0.8328832,0.1671168,0,0,False,0,0,0,0,0,0,0,0,0
-1.398582,9.126266,-0.8238131,-0.4557445,-0.1792307,-0.8718791,右足D,右足D,,,0.7000992,0.2999008,0,0,False,0,0,0,0,0,0,0,0,0
-1.218055,9.385477,-0.9653656,-0.3419879,-0.1596155,-0.9260491,右足D,右足D,,,0.5250324,0.4749676,0,0,False,0,0,0,0,0,0,0,0,0
-1.231799,9.603495,-0.9978679,0.1559568,0.2447241,0.9569678,右足D,右足D,,,0.5250324,0.4749676,0,0,False,0,0,0,0,0,0,0,0,0
-1.13638,9.603298,-1.013368,0.1559568,0.2447241,0.9569678,右足D,右足D,,,0.5250324,0.4749676,0,0,False,0,0,0,0,0,0,0,0,0
-0.9035358,9.60282,-1.051193,0.1559568,0.2447241,0.9569678,右足D,右足D,,,0.5199512,0.4800488,0,0,False,0,0,0,0,0,0,0,0,0
-1.288697,9.501489,-0.9495567,-0.4543834,-0.1614566,-0.8760521,右足D,右足D,,,0.5250324,0.4749676,0,0,False,0,0,0,0,0,0,0,0,0
-1.3318,9.603641,-0.946331,-0.4512702,-0.1745797,-0.875144,右足D,右足D,,,0.5250324,0.4749676,0,0,False,0,0,0,0,0,0,0,0,0
-1.372229,9.682623,-0.9419517,-0.450644,-0.1822191,-0.8739085,右足D,右足D,,,0.5250324,0.4749676,0,0,False,0,0,0,0,0,0,0,0,0
-1.641628,8.77236,-0.03964774,-0.9543803,-0.2174389,0.2046421,右足D,右足D,,,0.7929046,0.2070954,0,0,False,0,0,0,0,0,0,0,0,0
-1.629754,8.721527,-0.03828451,-0.971341,-0.2011435,0.1266403,右足D,右足D,,,0.7929046,0.2070954,0,0,False,0,0,0,0,0,0,0,0,0
-1.619039,8.757998,0.008572094,-0.9085943,-0.2024285,0.3653476,右足D,右足D,,,0.7929046,0.2070954,0,0,False,0,0,0,0,0,0,0,0,0
-1.644775,8.795661,-0.08749602,-0.9806114,-0.1959176,0.004170256,右足D,右足D,,,0.7929046,0.2070954,0,0,False,0,0,0,0,0,0,0,0,0
-1.633353,8.666203,-0.2638988,-0.983108,-0.1730847,-0.05949931,右足D,右足D,,,0.7920348,0.2079652,0,0,False,0,0,0,0,0,0,0,0,0
-1.667577,8.867034,-0.2826412,-0.9718273,-0.1798304,-0.1523566,右足D,右足D,,,0.7920348,0.2079652,0,0,False,0,0,0,0,0,0,0,0,0
-1.591257,8.742654,-0.4512748,-0.9576054,0.2679482,-0.1058091,右足D,右足D,,,0.7963378,0.2036622,0,0,False,0,0,0,0,0,0,0,0,0
-1.577732,8.898595,0.1891997,-0.6307799,0.6756255,-0.3816371,右足D,右足D,,,0.8167697,0.1832303,0,0,False,0,0,0,0,0,0,0,0,0
-1.619039,8.757998,0.008572094,-0.6307756,0.675626,-0.3816431,右足D,右足D,,,0.7929046,0.2070954,0,0,False,0,0,0,0,0,0,0,0,0
-1.261682,8.595738,-0.7852241,-0.4928493,-0.1948415,-0.8480189,右足D,右足D,,,0.9119707,0.08802933,0,0,False,0,0,0,0,0,0,0,0,0
-0.9382073,8.481052,-0.8664107,-0.1914997,-0.1647487,-0.9675667,右足D,右足D,,,0.8932174,0.1067826,0,0,False,0,0,0,0,0,0,0,0,0
-1.273984,8.910833,-0.8406821,-0.486028,-0.1786074,-0.8554974,右足D,右足D,,,0.8328832,0.1671168,0,0,False,0,0,0,0,0,0,0,0,0
-1.20679,8.765149,-0.8517253,-0.5048962,-0.1687065,-0.8465329,右足D,右足D,,,0.9119707,0.08802933,0,0,False,0,0,0,0,0,0,0,0,0
-0.8470547,8.527085,-0.8934881,0.1354632,-0.1416168,-0.9806091,右足D,右足D,,,0.8932174,0.1067826,0,0,False,0,0,0,0,0,0,0,0,0
-0.8424149,8.429854,-0.8788054,0.0639453,-0.1460267,-0.9872117,右足D,右足D,,,0.8932174,0.1067826,0,0,False,0,0,0,0,0,0,0,0,0
-0.9049136,8.463257,-0.8707185,-0.2081846,-0.1557495,-0.9656091,右足D,右足D,,,0.8932174,0.1067826,0,0,False,0,0,0,0,0,0,0,0,0
-0.7739629,8.64994,-0.8704656,0.461456,-0.141791,-0.8757588,右足D,右足D,,,0.8932174,0.1067826,0,0,False,0,0,0,0,0,0,0,0,0
-0.7195449,8.808087,-0.8731273,0.4594024,-0.1727426,-0.8712687,右足D,右足D,,,0.9099718,0.09002823,0,0,False,0,0,0,0,0,0,0,0,0
-1.238885,2.788476,0.2140121,-0.9346729,-0.07757365,-0.3469419,右ひざD,,,,1,0,0,0,False,0,0,0,0,0,0,0,0,0
-1.247393,2.743139,0.2820549,-0.9818068,-0.07685086,-0.1736352,右ひざD,,,,1,0,0,0,False,0,0,0,0,0,0,0,0,0
-1.22074,2.82968,0.183759,-0.7945931,-0.08252116,-0.601508,右ひざD,,,,1,0,0,0,False,0,0,0,0,0,0,0,0,0
-1.138448,3.093082,0.04092387,-0.575545,-0.07905857,-0.8139395,右ひざD,,,,1,0,0,0,False,0,0,0,0,0,0,0,0,0
-1.117083,3.149732,0.02699384,-0.3875127,-0.05724661,-0.920085,右ひざD,,,,1,0,0,0,False,0,0,0,0,0,0,0,0,0
-0.9826315,3.237397,-0.03151937,-0.05807855,-0.05403942,-0.9968482,右ひざD,,,,1,0,0,0,False,0,0,0,0,0,0,0,0,0
-1.086134,3.237262,0.009889391,-0.3706604,-0.0621417,-0.9266871,右ひざD,,,,1,0,0,0,False,0,0,0,0,0,0,0,0,0
-0.9843581,3.573632,-0.05777976,-0.08997637,-0.07800809,-0.992884,右ひざD,,,,1,0,0,0,False,0,0,0,0,0,0,0,0,0
-0.909137,3.398782,-0.02907674,0.1838132,-0.06886721,-0.9805457,右ひざD,,,,1,0,0,0,False,0,0,0,0,0,0,0,0,0
-0.8607098,3.238082,-0.009921157,0.1745016,-0.04466397,-0.9836433,右ひざD,,,,1,0,0,0,False,0,0,0,0,0,0,0,0,0
-0.8062836,3.153727,0.001849127,0.2055272,-0.03637899,-0.9779749,右ひざD,,,,1,0,0,0,False,0,0,0,0,0,0,0,0,0
-1.265155,2.709569,0.3974083,-0.9943172,-0.08284408,0.06685621,右ひざD,,,,1,0,0,0,False,0,0,0,0,0,0,0,0,0
-1.250108,2.742731,0.4746892,-0.9711361,-0.07866136,0.2251816,右ひざD,,,,1,0,0,0,False,0,0,0,0,0,0,0,0,0
-1.236408,2.796264,0.5511891,-0.9749201,-0.08005725,0.2076569,右ひざD,,,,1,0,0,0,False,0,0,0,0,0,0,0,0,0
-1.2345,2.817793,0.5722213,-0.9168925,-0.09016424,0.3888167,右ひざD,,,,1,0,0,0,False,0,0,0,0,0,0,0,0,0
-1.191506,2.968744,0.6549923,-0.8148701,-0.0885428,0.572841,右ひざD,,,,1,0,0,0,False,0,0,0,0,0,0,0,0,0
-1.157497,3.142002,0.7318553,-0.6040446,-0.08254508,0.792664,右ひざD,,,,1,0,0,0,False,0,0,0,0,0,0,0,0,0
-1.119692,3.238291,0.7519146,-0.3304555,-0.08044555,0.940387,右ひざD,,,,1,0,0,0,False,0,0,0,0,0,0,0,0,0
-0.9658695,3.715263,0.8540447,-0.06909084,-0.1114664,0.9913633,右ひざD,,,,1,0,0,0,False,0,0,0,0,0,0,0,0,0
-0.831921,3.496716,0.7718545,0.4330148,-0.08104677,0.8977358,右ひざD,,,,1,0,0,0,False,0,0,0,0,0,0,0,0,0
-0.7433131,3.312264,0.7108545,0.6426368,-0.0830534,0.761656,右ひざD,,,,1,0,0,0,False,0,0,0,0,0,0,0,0,0
-0.7152119,3.241836,0.6627549,0.8084655,-0.06707374,0.584709,右ひざD,,,,1,0,0,0,False,0,0,0,0,0,0,0,0,0
-0.6628749,3.098988,0.5763595,0.7996904,-0.05118583,0.5982266,右ひざD,,,,1,0,0,0,False,0,0,0,0,0,0,0,0,0
-0.6256427,3.004635,0.5226412,0.9286852,-0.0334546,0.3693568,右ひざD,,,,1,0,0,0,False,0,0,0,0,0,0,0,0,0
-0.6256427,3.004635,0.5226412,0.9286852,-0.0334546,0.3693568,右ひざD,,,,1,0,0,0,False,0,0,0,0,0,0,0,0,0
-0.6201957,2.911309,0.4398302,0.9982892,-0.0455684,0.03663198,右ひざD,,,,1,0,0,0,False,0,0,0,0,0,0,0,0,0
-0.6279588,2.839312,0.2818714,0.9832004,-0.06068282,-0.1721464,右ひざD,,,,1,0,0,0,False,0,0,0,0,0,0,0,0,0
-0.6611599,2.887235,0.1768187,0.9364461,-0.04118016,-0.3483855,右ひざD,,,,1,0,0,0,False,0,0,0,0,0,0,0,0,0
-0.6815145,2.936972,0.1223174,0.8429319,-0.035003,-0.5368804,右ひざD,,,,1,0,0,0,False,0,0,0,0,0,0,0,0,0
-0.7257258,2.992176,0.07182884,0.73047,-0.03798109,-0.6818877,右ひざD,,,,1,0,0,0,False,0,0,0,0,0,0,0,0,0
-0.7751502,3.088901,0.0135608,0.5110947,-0.0476919,-0.8582002,右ひざD,,,,1,0,0,0,False,0,0,0,0,0,0,0,0,0
-0.7590764,4.197628,-0.05648135,0.5490803,-0.09047775,-0.8308577,右ひざD,,,,1,0,0,0,False,0,0,0,0,0,0,0,0,0
-0.6438242,4.198967,0.08757631,0.8583714,-0.06059614,-0.5094374,右ひざD,,,,1,0,0,0,False,0,0,0,0,0,0,0,0,0
-0.6605737,3.785864,0.09779577,0.8728165,-0.04740512,-0.4857408,右ひざD,,,,1,0,0,0,False,0,0,0,0,0,0,0,0,0
-0.6525273,3.754998,0.1207325,0.920217,-0.04545277,-0.3887599,右ひざD,,,,1,0,0,0,False,0,0,0,0,0,0,0,0,0
-0.645017,3.712747,0.1432362,0.9196145,-0.04300623,-0.3904604,右ひざD,,,,1,0,0,0,False,0,0,0,0,0,0,0,0,0
-0.5788527,3.534878,0.3179685,0.9807257,-0.05910375,-0.1862351,右ひざD,,,,1,0,0,0,False,0,0,0,0,0,0,0,0,0
-0.6243238,4.442627,0.696032,0.7926999,-0.06955358,0.6056311,右ひざD,,,,1,0,0,0,False,0,0,0,0,0,0,0,0,0
-0.5320882,4.618221,0.6045821,0.9146438,-0.0812038,0.3960209,右ひざD,,,,1,0,0,0,False,0,0,0,0,0,0,0,0,0
-0.5320882,4.618221,0.6045821,0.9146438,-0.0812038,0.3960209,右ひざD,,,,1,0,0,0,False,0,0,0,0,0,0,0,0,0
-0.5071533,4.752778,0.4992075,0.9882645,-0.0628737,0.1392119,右ひざD,,,,1,0,0,0,False,0,0,0,0,0,0,0,0,0
-0.4819832,4.85178,0.3599216,0.9914842,-0.04453913,0.1223728,右ひざD,,,,1,0,0,0,False,0,0,0,0,0,0,0,0,0
-0.6338066,4.489159,0.06240815,0.8716324,-0.0721368,-0.4848226,右ひざD,,,,1,0,0,0,False,0,0,0,0,0,0,0,0,0
-0.6008365,4.600085,0.1222984,0.8876012,-0.1042062,-0.4486702,右ひざD,,,,1,0,0,0,False,0,0,0,0,0,0,0,0,0
-0.5169554,4.753319,0.2295977,0.8645512,-0.1114825,-0.4900231,右ひざD,,,,1,0,0,0,False,0,0,0,0,0,0,0,0,0
-0.4919189,4.798298,0.2652416,0.8611569,-0.09990536,-0.4984251,右ひざD,,,,1,0,0,0,False,0,0,0,0,0,0,0,0,0
-0.4746468,4.829737,0.2869222,0.9566691,-0.08746483,-0.2777297,右ひざD,,,,1,0,0,0,False,0,0,0,0,0,0,0,0,0
-1.020695,4.789942,-0.1950596,-0.3987014,-0.1274853,-0.9081764,右ひざD,,,,1,0,0,0,False,0,0,0,0,0,0,0,0,0
-1.002563,4.754424,-0.1980339,-0.1149009,-0.126184,-0.98533,右ひざD,,,,1,0,0,0,False,0,0,0,0,0,0,0,0,0
-1.042331,4.754126,-0.1791,-0.4254676,-0.1294664,-0.8956649,右ひざD,,,,1,0,0,0,False,0,0,0,0,0,0,0,0,0
-1.000322,4.822042,-0.2066007,-0.03022678,-0.1246453,-0.9917407,右ひざD,,,,1,0,0,0,False,0,0,0,0,0,0,0,0,0
-0.8771924,4.754359,-0.1579493,0.3022631,-0.1205426,-0.9455719,右ひざD,,,,1,0,0,0,False,0,0,0,0,0,0,0,0,0
-0.9324695,4.594137,-0.1572845,0.2924356,-0.1135122,-0.9495242,右ひざD,,,,1,0,0,0,False,0,0,0,0,0,0,0,0,0
-1.207313,4.196144,-0.03083971,-0.5947485,-0.104094,-0.7971439,右ひざD,,,,1,0,0,0,False,0,0,0,0,0,0,0,0,0
-1.200434,4.047369,-0.01795518,-0.6562915,-0.09516377,-0.7484819,右ひざD,,,,1,0,0,0,False,0,0,0,0,0,0,0,0,0
-1.245506,3.881346,0.06288337,-0.7900046,-0.09730687,-0.6053296,右ひざD,,,,1,0,0,0,False,0,0,0,0,0,0,0,0,0
-1.288128,3.70802,0.1496102,-0.7967801,-0.09831026,-0.5962184,右ひざD,,,,1,0,0,0,False,0,0,0,0,0,0,0,0,0
-1.305851,3.617207,0.1876483,-0.8937649,-0.09699965,-0.4379216,右ひざD,,,,1,0,0,0,False,0,0,0,0,0,0,0,0,0
-1.311234,3.546411,0.2574934,-0.9767994,-0.1022415,-0.1881742,右ひざD,,,,1,0,0,0,False,0,0,0,0,0,0,0,0,0
-1.333162,3.493916,0.3898554,-0.9940856,-0.1073183,-0.01662244,右ひざD,,,,1,0,0,0,False,0,0,0,0,0,0,0,0,0
-1.422725,4.551845,0.6348714,-0.9461709,-0.1238042,0.2990532,右ひざD,,,,1,0,0,0,False,0,0,0,0,0,0,0,0,0
-1.260628,4.195628,0.8281547,-0.6619239,-0.1333376,0.7376162,右ひざD,,,,1,0,0,0,False,0,0,0,0,0,0,0,0,0
-1.440505,4.629219,0.5849221,-0.9778504,-0.1259925,0.1671355,右ひざD,,,,1,0,0,0,False,0,0,0,0,0,0,0,0,0
-1.476175,4.742471,0.4672067,-0.9781383,-0.1164433,0.1722967,右ひざD,,,,1,0,0,0,False,0,0,0,0,0,0,0,0,0
-1.496312,4.785348,0.3786748,-0.9775198,-0.1091141,0.1804133,右ひざD,,,,1,0,0,0,False,0,0,0,0,0,0,0,0,0
-1.502871,4.789011,0.3484284,-0.9773148,-0.1462588,-0.1531792,右ひざD,,,,1,0,0,0,False,0,0,0,0,0,0,0,0,0
-1.488263,4.783146,0.3243424,-0.9021079,-0.1061356,-0.418254,右ひざD,,,,1,0,0,0,False,0,0,0,0,0,0,0,0,0
-1.440401,4.742819,0.2181796,-0.9190239,-0.08979325,-0.3838388,右ひざD,,,,1,0,0,0,False,0,0,0,0,0,0,0,0,0
-1.388906,4.619968,0.1265541,-0.8546134,-0.1024204,-0.5090638,右ひざD,,,,1,0,0,0,False,0,0,0,0,0,0,0,0,0
-1.299252,4.451387,0.04350389,-0.7767022,-0.1023086,-0.6215034,右ひざD,,,,1,0,0,0,False,0,0,0,0,0,0,0,0,0
-1.280149,3.909545,0.7110037,-0.8489334,-0.1371561,0.5103921,右ひざD,,,,1,0,0,0,False,0,0,0,0,0,0,0,0,0
-1.251323,4.107701,0.8185962,-0.6200366,-0.1493438,0.7702278,右ひざD,,,,1,0,0,0,False,0,0,0,0,0,0,0,0,0
-1.323292,4.915545,0.8666988,-0.6386777,-0.02072426,0.7691951,右ひざD,,,,1,0,0,0,False,0,0,0,0,0,0,0,0,0
-1.379857,5.00556,0.773219,-0.8530337,-0.04516638,0.5198975,右ひざD,,,,1,0,0,0,False,0,0,0,0,0,0,0,0,0
-1.493436,5.146067,0.6136554,-0.9272335,-0.08422535,0.3648888,右ひざD,,,,1,0,0,0,False,0,0,0,0,0,0,0,0,0
-1.498046,5.15648,0.5937559,-0.9754424,-0.1138282,0.1885599,右ひざD,,,,1,0,0,0,False,0,0,0,0,0,0,0,0,0
-1.51436,5.185196,0.530332,-0.9799452,-0.02802235,0.1972859,右ひざD,,,,1,0,0,0,False,0,0,0,0,0,0,0,0,0
-1.550438,5.230075,0.34328,-0.9797099,0.03181452,0.197879,右ひざD,,,,1,0,0,0,False,0,0,0,0,0,0,0,0,0
-1.556206,5.599983,0.256359,-0.977496,0.02376984,-0.20961,右ひざD,,,,1,0,0,0,False,0,0,0,0,0,0,0,0,0
-1.556999,5.231136,0.3107545,-0.97205,-0.03220341,-0.232554,右ひざD,,,,1,0,0,0,False,0,0,0,0,0,0,0,0,0
-1.490603,5.187686,0.198178,-0.8671247,-0.1092738,-0.4859566,右ひざD,,,,1,0,0,0,False,0,0,0,0,0,0,0,0,0
-1.414319,5.192525,0.06097184,-0.8265253,-0.0902295,-0.5556208,右ひざD,,,,1,0,0,0,False,0,0,0,0,0,0,0,0,0
-1.425693,5.129554,0.1014838,-0.8824501,-0.1312259,-0.4517317,右ひざD,,,,1,0,0,0,False,0,0,0,0,0,0,0,0,0
-1.411187,5.102653,0.07239969,-0.8698097,-0.09195268,-0.4847429,右ひざD,,,,1,0,0,0,False,0,0,0,0,0,0,0,0,0
-1.347031,5.028631,0.005474329,-0.7685411,-0.1016313,-0.6316767,右ひざD,,,,1,0,0,0,False,0,0,0,0,0,0,0,0,0
-1.229357,5.198687,-0.1608314,-0.565034,-0.1082293,-0.8179382,右ひざD,,,,1,0,0,0,False,0,0,0,0,0,0,0,0,0
-1.003164,4.596737,-0.1782907,-0.003629974,-0.1242198,-0.992248,右ひざD,,,,1,0,0,0,False,0,0,0,0,0,0,0,0,0
-1.074375,4.687315,-0.155629,-0.4265535,-0.1107641,-0.8976544,右ひざD,,,,1,0,0,0,False,0,0,0,0,0,0,0,0,0
-0.7554802,5.191586,0.8561109,0.4661486,0.03514926,0.8840079,右ひざD,,,,1,0,0,0,False,0,0,0,0,0,0,0,0,0
-0.7108366,5.19108,0.8325901,0.6142568,0.06480213,0.7864408,右ひざD,,,,1,0,0,0,False,0,0,0,0,0,0,0,0,0
-0.7118438,5.244435,0.8238239,0.5899307,0.1417389,0.7949162,右ひざD,,,,1,0,0,0,False,0,0,0,0,0,0,0,0,0
-1.145377,4.987208,0.929334,-0.3228177,-0.01397785,0.9463578,右ひざD,,,,1,0,0,0,False,0,0,0,0,0,0,0,0,0
-1.274814,5.190221,0.8862474,-0.3290948,0.06018903,0.9423766,右ひざD,,,,1,0,0,0,False,0,0,0,0,0,0,0,0,0
-1.300101,5.230025,0.8728909,-0.3117792,0.09154798,0.9457338,右ひざD,,,,1,0,0,0,False,0,0,0,0,0,0,0,0,0
-1.330356,5.280836,0.8594258,-0.5518115,0.07567613,0.8305282,右ひざD,,,,1,0,0,0,False,0,0,0,0,0,0,0,0,0
-0.9915382,5.08697,-0.2401652,-0.03022732,-0.1246455,-0.9917406,右ひざD,,,,1,0,0,0,False,0,0,0,0,0,0,0,0,0
-0.9877475,5.201307,-0.2546512,0.01257811,-0.1502388,-0.9885696,右ひざD,,,,1,0,0,0,False,0,0,0,0,0,0,0,0,0
-0.9491155,5.128301,-0.232279,0.2919266,-0.1356546,-0.9467716,右ひざD,,,,1,0,0,0,False,0,0,0,0,0,0,0,0,0
-0.8958523,5.20108,-0.2269735,0.2848444,-0.1487821,-0.9469569,右ひざD,,,,1,0,0,0,False,0,0,0,0,0,0,0,0,0
-0.8183841,5.329043,-0.2256776,0.3061459,-0.1483483,-0.9403548,右ひざD,,,,1,0,0,0,False,0,0,0,0,0,0,0,0,0
-1.058375,5.200541,-0.2272257,-0.3580905,-0.1226428,-0.9255968,右ひざD,,,,1,0,0,0,False,0,0,0,0,0,0,0,0,0
-1.153745,5.324812,-0.2103177,-0.3657126,-0.1416803,-0.9198807,右ひざD,,,,1,0,0,0,False,0,0,0,0,0,0,0,0,0
-1.216564,5.39298,-0.1941199,-0.5898331,-0.09848498,-0.8014969,右ひざD,,,,1,0,0,0,False,0,0,0,0,0,0,0,0,0
-1.263745,5.48947,-0.1466188,-0.7495952,-0.07929149,-0.6571299,右ひざD,,,,1,0,0,0,False,0,0,0,0,0,0,0,0,0
-1.335861,5.608418,-0.08339605,-0.7398215,-0.07153089,-0.6689897,右ひざD,,,,1,0,0,0,False,0,0,0,0,0,0,0,0,0
-1.368955,5.662927,-0.05001468,-0.7540278,-0.01992007,-0.6565402,右ひざD,,,,1,0,0,0,False,0,0,0,0,0,0,0,0,0
-1.395348,5.71726,-0.01854954,-0.8309136,0.01927025,-0.5560675,右ひざD,,,,1,0,0,0,False,0,0,0,0,0,0,0,0,0
-1.000228,5.082153,0.979577,0.08149435,-0.03432732,0.9960824,右ひざD,,,,1,0,0,0,False,0,0,0,0,0,0,0,0,0
-1.036558,5.138687,0.9686913,-0.3220722,-0.01457648,0.9466028,右ひざD,,,,1,0,0,0,False,0,0,0,0,0,0,0,0,0
-1.06926,5.193247,0.9578373,-0.3291612,0.03705971,0.9435462,右ひざD,,,,1,0,0,0,False,0,0,0,0,0,0,0,0,0
-0.9030408,4.910888,0.9200577,0.4364139,-0.01855369,0.8995547,右ひざD,,,,1,0,0,0,False,0,0,0,0,0,0,0,0,0
-0.7080817,4.983068,0.834653,0.556914,0.01561171,0.8304234,右ひざD,,,,1,0,0,0,False,0,0,0,0,0,0,0,0,0
-0.5286508,5.191916,0.6180044,0.7603986,0.06829432,0.6458557,右ひざD,,,,1,0,0,0,False,0,0,0,0,0,0,0,0,0
-0.6819775,4.971758,-0.06915794,0.7696405,-0.1045102,-0.6298658,右ひざD,,,,1,0,0,0,False,0,0,0,0,0,0,0,0,0
-0.6096503,5.198951,-0.01847724,0.8181119,-0.1071811,-0.5649822,右ひざD,,,,1,0,0,0,False,0,0,0,0,0,0,0,0,0
-0.6140061,5.069865,-0.001679623,0.8320256,-0.09910181,-0.5458134,右ひざD,,,,1,0,0,0,False,0,0,0,0,0,0,0,0,0
-0.5850844,5.115352,0.04072298,0.8559944,-0.1066851,-0.5058573,右ひざD,,,,1,0,0,0,False,0,0,0,0,0,0,0,0,0
-0.5295761,5.197929,0.1144802,0.8511875,-0.1087683,-0.5134677,右ひざD,,,,1,0,0,0,False,0,0,0,0,0,0,0,0,0
-0.44786,5.607578,0.1669515,0.956229,-0.04503735,-0.2891322,右ひざD,,,,1,0,0,0,False,0,0,0,0,0,0,0,0,0
-0.4533429,5.307208,0.2187211,0.9761943,-0.05402443,-0.2100613,右ひざD,,,,1,0,0,0,False,0,0,0,0,0,0,0,0,0
-0.7454948,5.160127,-0.1757115,0.5482013,-0.1259691,-0.8268053,右ひざD,,,,1,0,0,0,False,0,0,0,0,0,0,0,0,0
-0.7184719,5.200367,-0.1496351,0.7638482,-0.115324,-0.6350087,右ひざD,,,,1,0,0,0,False,0,0,0,0,0,0,0,0,0
-0.6062592,5.405243,-0.056343,0.8108646,-0.118525,-0.5731059,右ひざD,,,,1,0,0,0,False,0,0,0,0,0,0,0,0,0
-0.506449,5.608586,0.06834271,0.85671,-0.07830165,-0.5098203,右ひざD,,,,1,0,0,0,False,0,0,0,0,0,0,0,0,0
-0.4718532,5.662023,0.1213702,0.8598976,-0.04663032,-0.5083322,右ひざD,,,,1,0,0,0,False,0,0,0,0,0,0,0,0,0
-0.4514653,5.686969,0.1542189,0.9788623,0.01170557,-0.2041842,右ひざD,,,,1,0,0,0,False,0,0,0,0,0,0,0,0,0
-0.4697413,5.605487,0.3531578,0.992356,0.03909386,0.1170514,右ひざD,,,,1,0,0,0,False,0,0,0,0,0,0,0,0,0
-0.4838284,5.555478,0.4738671,0.9933523,0.00309733,0.1150712,右ひざD,,,,1,0,0,0,False,0,0,0,0,0,0,0,0,0
-0.6083924,5.40306,0.672478,0.7513408,0.1137545,0.650036,右ひざD,,,,1,0,0,0,False,0,0,0,0,0,0,0,0,0
-1.537389,5.742659,0.2363728,-0.9825079,0.1083649,-0.1514435,右ひざD,,,,1,0,0,0,False,0,0,0,0,0,0,0,0,0
-1.502597,5.705853,0.1690556,-0.871177,0.03744392,-0.489539,右ひざD,,,,1,0,0,0,False,0,0,0,0,0,0,0,0,0
-1.454972,5.604865,0.078896,-0.868209,-0.01967381,-0.4958085,右ひざD,,,,1,0,0,0,False,0,0,0,0,0,0,0,0,0
-1.42762,5.551251,0.03884304,-0.8675114,-0.06827713,-0.492709,右ひざD,,,,1,0,0,0,False,0,0,0,0,0,0,0,0,0
-1.542549,5.224803,0.2864347,-0.8694474,-0.06530129,-0.4896905,右ひざD,,,,1,0,0,0,False,0,0,0,0,0,0,0,0,0
-1.409455,5.508917,0.01174164,-0.8004282,-0.08013263,-0.5940483,右ひざD,,,,1,0,0,0,False,0,0,0,0,0,0,0,0,0
-1.321082,5.376396,-0.06757031,-0.7550929,-0.07262466,-0.6515828,右ひざD,,,,1,0,0,0,False,0,0,0,0,0,0,0,0,0
-1.444784,5.820027,0.07490436,-0.8737561,0.0429324,-0.4844656,右ひざD,,,,1,0,0,0,False,0,0,0,0,0,0,0,0,0
-1.511235,5.940964,0.2085947,-0.982508,0.1083603,-0.1514457,右ひざD,,,,1,0,0,0,False,0,0,0,0,0,0,0,0,0
-1.502037,5.91733,0.2730637,-0.9666033,0.1597609,0.2003853,右ひざD,,,,1,0,0,0,False,0,0,0,0,0,0,0,0,0
-1.465879,5.827301,0.5145675,-0.9142169,0.1804128,0.3628476,右ひざD,,,,1,0,0,0,False,0,0,0,0,0,0,0,0,0
-1.335124,5.606241,0.8125507,-0.8457234,0.1400685,0.5149102,右ひざD,,,,1,0,0,0,False,0,0,0,0,0,0,0,0,0
-1.321629,5.575212,0.8384004,-0.612918,0.07435083,0.7866405,右ひざD,,,,1,0,0,0,False,0,0,0,0,0,0,0,0,0
-1.179921,5.378258,0.8981614,-0.314169,0.09365749,0.9447359,右ひざD,,,,1,0,0,0,False,0,0,0,0,0,0,0,0,0
-0.9457824,5.193742,0.9563741,0.4659113,0.05479703,0.8831329,右ひざD,,,,1,0,0,0,False,0,0,0,0,0,0,0,0,0
-0.716224,5.476505,0.785695,0.6203502,0.1385464,0.7719912,右ひざD,,,,1,0,0,0,False,0,0,0,0,0,0,0,0,0
-0.679355,5.533291,0.7317097,0.7472047,0.1089704,0.6555992,右ひざD,,,,1,0,0,0,False,0,0,0,0,0,0,0,0,0
-0.6262946,5.604761,0.6610199,0.7387579,0.1441207,0.6583811,右ひざD,,,,1,0,0,0,False,0,0,0,0,0,0,0,0,0
-0.4967366,5.756297,0.4760542,0.9000942,0.134066,0.4145559,右ひざD,,,,1,0,0,0,False,0,0,0,0,0,0,0,0,0
-0.4724354,5.865933,0.2341375,0.9893265,0.07309649,0.126055,右ひざD,,,,1,0,0,0,False,0,0,0,0,0,0,0,0,0
-0.4967366,5.756297,0.4760542,0.9000942,0.134066,0.4145559,右ひざD,,,,1,0,0,0,False,0,0,0,0,0,0,0,0,0
-0.4609335,5.895461,0.1207807,0.9630954,0.0005777066,-0.2691591,右ひざD,,,,1,0,0,0,False,0,0,0,0,0,0,0,0,0
-0.4904036,5.893791,0.07046021,0.8627685,-0.04162406,-0.5038828,右ひざD,,,,1,0,0,0,False,0,0,0,0,0,0,0,0,0
-0.5372438,5.810407,-0.002856454,0.86134,-0.04412301,-0.5061091,右ひざD,,,,1,0,0,0,False,0,0,0,0,0,0,0,0,0
-0.6040264,5.666673,-0.101314,0.7955151,-0.06238877,-0.6027132,右ひざD,,,,1,0,0,0,False,0,0,0,0,0,0,0,0,0
-0.6370231,5.610753,-0.1299131,0.7215921,-0.08908869,-0.6865624,右ひざD,,,,1,0,0,0,False,0,0,0,0,0,0,0,0,0
-0.7403198,5.419467,-0.2096329,0.5438554,-0.1182293,-0.8308086,右ひざD,,,,1,0,0,0,False,0,0,0,0,0,0,0,0,0
-0.3355471,8.966036,-0.02434751,0.9879672,-0.08683915,0.1279825,右足D,右足D,,,0.6759747,0.3240253,0,0,False,0,0,0,0,0,0,0,0,0
-0.354594,8.797997,-0.2111067,0.9146924,0.3931517,0.09364445,右足D,右足D,,,0.7976959,0.2023041,0,0,False,0,0,0,0,0,0,0,0,0
-0.3715342,8.888741,0.08655591,0.9572376,-0.08032431,0.2779281,右足D,右足D,,,0.7915618,0.2084382,0,0,False,0,0,0,0,0,0,0,0,0
-0.3970888,9.126415,0.2432613,0.8662359,-0.08530819,0.4922983,右足D,右足D,,,0.6820783,0.3179217,0,0,False,0,0,0,0,0,0,0,0,0
-0.4133981,8.824481,0.205924,0.9497339,0.2645071,0.1674556,右足D,右足D,,,0.788571,0.211429,0,0,False,0,0,0,0,0,0,0,0,0
-0.4267974,8.841248,0.2554344,0.9234385,0.2142255,0.3183843,右足D,右足D,,,0.788571,0.211429,0,0,False,0,0,0,0,0,0,0,0,0
-0.2993455,9.431327,0.03382803,0.9548357,-0.1191098,0.2722158,右足D,右足D,,,0.5162432,0.4837568,0,0,False,0,0,0,0,0,0,0,0,0
-0.2579722,9.516396,-0.07613021,0.9849397,-0.1465884,0.09168024,右足D,右足D,,,0.5162432,0.4837568,0,0,False,0,0,0,0,0,0,0,0,0
-0.244399,9.602733,-0.08390503,0.978767,-0.1185743,0.1671979,右足D,右足D,,,0.5162432,0.4837568,0,0,False,0,0,0,0,0,0,0,0,0
-0.3786947,9.257508,0.2329054,0.8872622,-0.08873767,0.4526492,右足D,右足D,,,0.6820783,0.3179217,0,0,False,0,0,0,0,0,0,0,0,0
-0.2967366,9.468192,0.03956222,0.9527738,-0.1113691,0.2825223,右足D,右足D,,,0.5162432,0.4837568,0,0,False,0,0,0,0,0,0,0,0,0
-0.3302253,9.602943,0.2056172,0.8859619,-0.08724554,0.4554772,右足D,右足D,,,0.5411918,0.4588082,0,0,False,0,0,0,0,0,0,0,0,0
-0.2911642,9.602848,0.07385012,0.9536657,-0.1027461,0.2827806,右足D,右足D,,,0.5411918,0.4588082,0,0,False,0,0,0,0,0,0,0,0,0
-0.2863829,9.743835,0.1046094,0.9551407,-0.09648763,0.2799932,右足D,右足D,,,0.5411918,0.4588082,0,0,False,0,0,0,0,0,0,0,0,0
-0.2459013,10.05255,0.0762225,0.9589353,-0.06335169,0.2764587,右足D,右足D,,,0.7052415,0.2947585,0,0,False,0,0,0,0,0,0,0,0,0
-0.2803068,9.897258,0.139242,0.9560956,-0.1000421,0.27545,右足D,右足D,,,0.7052415,0.2947585,0,0,False,0,0,0,0,0,0,0,0,0
-0.2006972,10.05385,-0.3115728,0.9948278,-0.08544441,-0.05492357,右足D,右足D,,,0.7120317,0.2879683,0,0,False,0,0,0,0,0,0,0,0,0
-0.2384942,9.698843,-0.3318505,0.9928334,-0.1139477,-0.0360218,右足D,右足D,,,0.5205463,0.4794537,0,0,False,0,0,0,0,0,0,0,0,0
-0.2319438,9.777136,-0.3597044,0.9932075,-0.1026113,-0.05486038,右足D,右足D,,,0.5205463,0.4794537,0,0,False,0,0,0,0,0,0,0,0,0
-0.2493342,9.602585,-0.2919343,0.9894469,-0.1429976,-0.02337041,右足D,右足D,,,0.5205463,0.4794537,0,0,False,0,0,0,0,0,0,0,0,0
-0.2795321,9.399044,-0.197338,0.9872738,-0.1573115,-0.02331025,右足D,右足D,,,0.5162432,0.4837568,0,0,False,0,0,0,0,0,0,0,0,0
-1.317305,4.747878,0.8671516,-0.4742835,-0.07924128,0.8767986,右ひざD,,,,1,0,0,0,False,0,0,0,0,0,0,0,0,0
-1.445779,4.746608,0.6425606,-0.9275731,-0.0931114,0.3618538,右ひざD,,,,1,0,0,0,False,0,0,0,0,0,0,0,0,0
-0.9889235,4.202966,0.9135947,0.01014816,-0.1146792,0.9933506,右ひざD,,,,1,0,0,0,False,0,0,0,0,0,0,0,0,0
-0.727176,3.708765,0.7404751,0.5837047,-0.0917898,0.8067609,右ひざD,,,,1,0,0,0,False,0,0,0,0,0,0,0,0,0
-0.663579,3.71174,0.09962944,0.8736256,-0.04374476,-0.4846281,右ひざD,,,,1,0,0,0,False,0,0,0,0,0,0,0,0,0
-0.7675202,3.709756,-0.02437,0.4571222,-0.06474057,-0.8870444,右ひざD,,,,1,0,0,0,False,0,0,0,0,0,0,0,0,0
-0.7049989,4.750305,0.8369616,0.643541,-0.03211562,0.7647375,右ひざD,,,,1,0,0,0,False,0,0,0,0,0,0,0,0,0
-0.5229034,4.752543,0.6109119,0.9161189,-0.05581275,0.3970024,右ひざD,,,,1,0,0,0,False,0,0,0,0,0,0,0,0,0
-0.4934298,5.192079,0.5765198,0.9286876,0.01152964,0.3706833,右ひざD,,,,1,0,0,0,False,0,0,0,0,0,0,0,0,0
-1.004689,4.196198,-0.1281415,-0.2301078,-0.1163253,-0.9661876,右ひざD,,,,1,0,0,0,False,0,0,0,0,0,0,0,0,0
-0.9850537,3.709072,-0.06835784,-0.07558055,-0.09183577,-0.9929016,右ひざD,,,,1,0,0,0,False,0,0,0,0,0,0,0,0,0
-1.184797,3.709118,0.01133882,-0.640175,-0.09944852,-0.7617649,右ひざD,,,,1,0,0,0,False,0,0,0,0,0,0,0,0,0
-1.271236,3.24009,0.5835171,-0.8820091,-0.1002543,0.4604442,右ひざD,,,,1,0,0,0,False,0,0,0,0,0,0,0,0,0
-1.165357,3.236968,0.7357546,-0.5459511,-0.1012663,0.8316745,右ひざD,,,,1,0,0,0,False,0,0,0,0,0,0,0,0,0
-1.208998,3.707722,0.7751147,-0.697599,-0.1306862,0.704469,右ひざD,,,,1,0,0,0,False,0,0,0,0,0,0,0,0,0
-0.6211131,3.245602,0.5330782,0.8863063,-0.05844514,0.4593964,右ひざD,,,,1,0,0,0,False,0,0,0,0,0,0,0,0,0
-1.305982,3.241192,0.3960704,-0.9943265,-0.09401275,0.04976105,右ひざD,,,,1,0,0,0,False,0,0,0,0,0,0,0,0,0
-0.6211131,3.245602,0.5330782,0.8863063,-0.05844514,0.4593964,右ひざD,,,,1,0,0,0,False,0,0,0,0,0,0,0,0,0
-0.5997223,3.246972,0.2994381,0.9879095,-0.04497129,-0.1483653,右ひざD,,,,1,0,0,0,False,0,0,0,0,0,0,0,0,0
-0.6758299,3.241057,0.111417,0.8020352,-0.03890008,-0.5960086,右ひざD,,,,1,0,0,0,False,0,0,0,0,0,0,0,0,0
-1.151121,3.237178,0.03588858,-0.554891,-0.07686239,-0.8283647,右ひざD,,,,1,0,0,0,False,0,0,0,0,0,0,0,0,0
-0.7751699,3.238563,0.005232116,0.3893011,-0.05228154,-0.9196256,右ひざD,,,,1,0,0,0,False,0,0,0,0,0,0,0,0,0
-1.271762,3.238857,0.2018789,-0.9165834,-0.0864071,-0.3903953,右ひざD,,,,1,0,0,0,False,0,0,0,0,0,0,0,0,0
-1.267938,2.743502,0.3980613,-0.996938,-0.07815263,-0.002538153,右ひざD,,,,1,0,0,0,False,0,0,0,0,0,0,0,0,0
-0.7165788,4.096947,0.7845227,0.628599,-0.1046081,0.7706622,右ひざD,,,,1,0,0,0,False,0,0,0,0,0,0,0,0,0
-0.7451983,4.153607,0.8037796,0.3887583,-0.1143501,0.9142159,右ひざD,,,,1,0,0,0,False,0,0,0,0,0,0,0,0,0
-0.7671957,4.197155,0.8185808,0.3903188,-0.08939899,0.9163289,右ひざD,,,,1,0,0,0,False,0,0,0,0,0,0,0,0,0
-0.5229034,4.752543,0.6109119,0.9161189,-0.05581275,0.3970024,右ひざD,,,,1,0,0,0,False,0,0,0,0,0,0,0,0,0
-0.4934298,5.192079,0.5765198,0.9286876,0.01152964,0.3706833,右ひざD,,,,1,0,0,0,False,0,0,0,0,0,0,0,0,0
-0.6246767,4.75365,0.03946907,0.8259632,-0.09339278,-0.5559338,右ひざD,,,,1,0,0,0,False,0,0,0,0,0,0,0,0,0
-0.4553551,5.19698,0.237719,0.9845668,-0.06008312,-0.164371,右ひざD,,,,1,0,0,0,False,0,0,0,0,0,0,0,0,0
-0.9648086,4.872288,-0.2021472,0.3019089,-0.1296683,-0.9444771,右ひざD,,,,1,0,0,0,False,0,0,0,0,0,0,0,0,0
-0.7536042,4.58476,-0.09903391,0.5127383,-0.100962,-0.8525878,右ひざD,,,,1,0,0,0,False,0,0,0,0,0,0,0,0,0
-0.7512077,4.754293,-0.1176685,0.5225194,-0.1153976,-0.844782,右ひざD,,,,1,0,0,0,False,0,0,0,0,0,0,0,0,0
-0.8478563,4.714101,-0.1439647,0.3026961,-0.1083582,-0.9469073,右ひざD,,,,1,0,0,0,False,0,0,0,0,0,0,0,0,0
-0.8235117,4.754331,-0.1407861,0.3023201,-0.1190187,-0.9457468,右ひざD,,,,1,0,0,0,False,0,0,0,0,0,0,0,0,0
-1.0036,4.482158,-0.163945,-0.07903997,-0.1235491,-0.9891856,右ひざD,,,,1,0,0,0,False,0,0,0,0,0,0,0,0,0
-1.06819,4.350475,-0.1170038,-0.428337,-0.1115683,-0.896705,右ひざD,,,,1,0,0,0,False,0,0,0,0,0,0,0,0,0
-1.233739,4.752683,-0.08796717,-0.6147897,-0.1158102,-0.7801419,右ひざD,,,,1,0,0,0,False,0,0,0,0,0,0,0,0,0
-1.128706,4.196164,-0.06858766,-0.4304688,-0.1049955,-0.8964778,右ひざD,,,,1,0,0,0,False,0,0,0,0,0,0,0,0,0
-1.398727,4.745108,0.117864,-0.8551637,-0.09718179,-0.5091665,右ひざD,,,,1,0,0,0,False,0,0,0,0,0,0,0,0,0
-1.166107,4.118579,-0.04218669,-0.4307975,-0.09761461,-0.8971537,右ひざD,,,,1,0,0,0,False,0,0,0,0,0,0,0,0,0
-1.237151,4.157368,0.8302168,-0.2982343,-0.1320505,0.9453142,右ひざD,,,,1,0,0,0,False,0,0,0,0,0,0,0,0,0
-1.002298,4.538604,0.947439,0.1169508,-0.09502333,0.9885812,右ひざD,,,,1,0,0,0,False,0,0,0,0,0,0,0,0,0
-1.257179,4.831576,0.8888981,-0.3198353,-0.01637404,0.9473315,右ひざD,,,,1,0,0,0,False,0,0,0,0,0,0,0,0,0
-1.187941,4.750335,0.9102017,-0.3140213,-0.06385547,0.947266,右ひざD,,,,1,0,0,0,False,0,0,0,0,0,0,0,0,0
-1.557101,5.183469,0.3177842,-0.9843982,-0.08269656,-0.1553102,右ひざD,,,,1,0,0,0,False,0,0,0,0,0,0,0,0,0
-1.232596,4.869057,-0.1069795,-0.5726426,-0.1266977,-0.8099557,右ひざD,,,,1,0,0,0,False,0,0,0,0,0,0,0,0,0
-0.9598016,4.551109,-0.1598438,0.2786931,-0.1203567,-0.9528086,右ひざD,,,,1,0,0,0,False,0,0,0,0,0,0,0,0,0
-1.126401,4.753491,-0.1390726,-0.4256576,-0.1263505,-0.8960195,右ひざD,,,,1,0,0,0,False,0,0,0,0,0,0,0,0,0
-1.078814,4.752408,0.9465173,-0.3143366,-0.05507959,0.9477123,右ひざD,,,,1,0,0,0,False,0,0,0,0,0,0,0,0,0
-1.118296,4.670904,0.9241714,-0.3120829,-0.1076188,0.9439397,右ひざD,,,,1,0,0,0,False,0,0,0,0,0,0,0,0,0
-1.037558,4.808288,0.9614061,-0.3153534,-0.01996544,0.9487641,右ひざD,,,,1,0,0,0,False,0,0,0,0,0,0,0,0,0
-1.01087,4.753699,0.969128,0.126377,-0.05328463,0.99055,右ひざD,,,,1,0,0,0,False,0,0,0,0,0,0,0,0,0
-1.007795,4.848603,0.9721473,0.08149376,-0.03432824,0.9960824,右ひざD,,,,1,0,0,0,False,0,0,0,0,0,0,0,0,0
-1.025558,4.565133,0.9427735,-0.3120839,-0.1076179,0.9439396,右ひざD,,,,1,0,0,0,False,0,0,0,0,0,0,0,0,0
-1.005002,4.606449,0.95428,-0.03286657,-0.1015683,0.9942853,右ひざD,,,,1,0,0,0,False,0,0,0,0,0,0,0,0,0
-0.9701601,4.66072,0.9439768,0.3910064,-0.07690178,0.9171695,右ひざD,,,,1,0,0,0,False,0,0,0,0,0,0,0,0,0
-0.9653686,4.668217,0.9425628,0.3925483,-0.07590256,0.9165938,右ひざD,,,,1,0,0,0,False,0,0,0,0,0,0,0,0,0
-1.172642,4.803814,-0.1250979,-0.4246566,-0.1419095,-0.8941634,右ひざD,,,,1,0,0,0,False,0,0,0,0,0,0,0,0,0
-1.094181,4.933892,-0.1830053,-0.3874353,-0.1212553,-0.9138877,右ひざD,,,,1,0,0,0,False,0,0,0,0,0,0,0,0,0
-0.9976758,4.901843,-0.216711,-0.03022665,-0.1246448,-0.9917408,右ひざD,,,,1,0,0,0,False,0,0,0,0,0,0,0,0,0
-1.061522,4.983646,-0.2013117,-0.3589594,-0.1055895,-0.9273611,右ひざD,,,,1,0,0,0,False,0,0,0,0,0,0,0,0,0
-0.878365,4.994596,-0.1913065,0.2947831,-0.1339456,-0.9461297,右ひざD,,,,1,0,0,0,False,0,0,0,0,0,0,0,0,0
-0.7449235,5.20071,-0.181516,0.5811037,-0.1322628,-0.8030098,右ひざD,,,,1,0,0,0,False,0,0,0,0,0,0,0,0,0
-1.407946,5.607133,-0.003540902,-0.8223672,-0.02905622,-0.5682145,右ひざD,,,,1,0,0,0,False,0,0,0,0,0,0,0,0,0
-0.9326866,4.950701,0.9376058,0.465308,-0.04319998,0.8840939,右ひざD,,,,1,0,0,0,False,0,0,0,0,0,0,0,0,0
-0.8331218,4.854194,0.8907202,0.396747,0.01435747,0.9178156,右ひざD,,,,1,0,0,0,False,0,0,0,0,0,0,0,0,0
-0.5056745,5.214551,0.5867404,0.7495738,0.1117026,0.6524273,右ひざD,,,,1,0,0,0,False,0,0,0,0,0,0,0,0,0
-0.4929753,5.224532,0.5709357,0.8836907,0.06732462,0.4632041,右ひざD,,,,1,0,0,0,False,0,0,0,0,0,0,0,0,0
-0.4637566,5.30276,0.307398,0.9935391,0.004204384,0.113412,右ひざD,,,,1,0,0,0,False,0,0,0,0,0,0,0,0,0
-0.4929753,5.224532,0.5709357,0.8836907,0.06732462,0.4632041,右ひざD,,,,1,0,0,0,False,0,0,0,0,0,0,0,0,0
-0.7810166,4.810627,-0.134931,0.2963682,-0.1329957,-0.9457684,右ひざD,,,,1,0,0,0,False,0,0,0,0,0,0,0,0,0
-0.7497914,4.854908,-0.1320585,0.4972224,-0.1296944,-0.8578747,右ひざD,,,,1,0,0,0,False,0,0,0,0,0,0,0,0,0
-0.878365,4.994596,-0.1913065,0.2947831,-0.1339456,-0.9461297,右ひざD,,,,1,0,0,0,False,0,0,0,0,0,0,0,0,0
-0.6028894,5.610248,-0.0939725,0.7899349,-0.08852378,-0.6067671,右ひざD,,,,1,0,0,0,False,0,0,0,0,0,0,0,0,0
-0.4876644,5.603775,0.5056813,0.9260807,0.08004837,0.3687367,右ひざD,,,,1,0,0,0,False,0,0,0,0,0,0,0,0,0
-0.4886951,5.530178,0.5183447,0.9119202,0.05715123,0.4063682,右ひざD,,,,1,0,0,0,False,0,0,0,0,0,0,0,0,0
-0.4886951,5.530178,0.5183447,0.9119202,0.05715123,0.4063682,右ひざD,,,,1,0,0,0,False,0,0,0,0,0,0,0,0,0
-0.4876644,5.603775,0.5056813,0.9260807,0.08004837,0.3687367,右ひざD,,,,1,0,0,0,False,0,0,0,0,0,0,0,0,0
-0.7333416,8.625525,0.4496549,0.1954643,-0.1185058,0.9735245,右足D,右足D,,,0.8992752,0.1007248,0,0,False,0,0,0,0,0,0,0,0,0
-0.8125426,8.766087,0.4824197,0.1959159,-0.1165702,0.9736673,右足D,右足D,,,0.8827649,0.1172351,0,0,False,0,0,0,0,0,0,0,0,0
-0.8545372,8.840616,0.4997925,0.09203511,-0.1155149,0.9890326,右足D,右足D,,,0.8827649,0.1172351,0,0,False,0,0,0,0,0,0,0,0,0
-1.016095,8.511003,0.4522199,-0.1491422,-0.07799526,0.9857348,右足D,右足D,,,0.8653544,0.1346456,0,0,False,0,0,0,0,0,0,0,0,0
-1.06949,8.548212,0.4455339,-0.2794764,-0.09842852,0.955094,右足D,右足D,,,0.8653544,0.1346456,0,0,False,0,0,0,0,0,0,0,0,0
-1.160822,8.653153,0.4206745,-0.3665259,-0.1373077,0.9202202,右足D,右足D,,,0.8653544,0.1346456,0,0,False,0,0,0,0,0,0,0,0,0
-1.218909,8.868408,0.4382011,-0.3681425,-0.1755385,0.9130483,右足D,右足D,,,0.8883039,0.1116961,0,0,False,0,0,0,0,0,0,0,0,0
-1.254548,8.774158,0.4062166,-0.3642708,-0.1728127,0.9151188,右足D,右足D,,,0.8883039,0.1116961,0,0,False,0,0,0,0,0,0,0,0,0
